TABLE NO.  1
 ROW         TVKA        TVV2        TVV3        TVCL        KA          V2          V3          CL          Q           IPRED       Y           DV          PRED        RES         WRES
  1.0000E+00  2.1666E+00  7.5729E+01  1.5006E+02  1.3978E+01  2.1666E+00  6.5561E+01  1.5006E+02  6.6268E+00  8.4865E+00  0.0000E+00  0.0000E+00  0.0000E+00  0.0000E+00  0.0000E+00  0.0000E+00
  2.0000E+00  2.1666E+00  7.5729E+01  1.5006E+02  1.3978E+01  2.1666E+00  6.5561E+01  1.5006E+02  6.6268E+00  8.4865E+00  0.0000E+00  0.0000E+00  0.0000E+00  0.0000E+00  0.0000E+00  0.0000E+00
  3.0000E+00  2.1666E+00  7.5729E+01  1.5006E+02  1.3978E+01  2.1666E+00  6.5561E+01  1.5006E+02  6.6268E+00  8.4865E+00  3.4864E+00  2.8844E+00  0.0000E+00  2.8907E+00  0.0000E+00  0.0000E+00
  4.0000E+00  2.1666E+00  7.5729E+01  1.5006E+02  1.3978E+01  2.1666E+00  6.5561E+01  1.5006E+02  6.6268E+00  8.4865E+00  3.1942E+00  5.7616E+00  0.0000E+00  2.4982E+00  0.0000E+00  0.0000E+00
  5.0000E+00  2.1666E+00  7.5729E+01  1.5006E+02  1.3978E+01  2.1666E+00  6.5561E+01  1.5006E+02  6.6268E+00  8.4865E+00  2.6279E+00  2.6668E+00  0.0000E+00  1.9258E+00  0.0000E+00  0.0000E+00
  6.0000E+00  2.1666E+00  7.5729E+01  1.5006E+02  1.3978E+01  2.1666E+00  6.5561E+01  1.5006E+02  6.6268E+00  8.4865E+00  2.1518E+00  1.9049E+00  0.0000E+00  1.4754E+00  0.0000E+00  0.0000E+00
  7.0000E+00  2.1666E+00  7.5729E+01  1.5006E+02  1.3978E+01  2.1666E+00  6.5561E+01  1.5006E+02  6.6268E+00  8.4865E+00  1.7796E+00  8.0364E-01  0.0000E+00  1.1424E+00  0.0000E+00  0.0000E+00
  8.0000E+00  2.1666E+00  7.5729E+01  1.5006E+02  1.3978E+01  2.1666E+00  6.5561E+01  1.5006E+02  6.6268E+00  8.4865E+00  1.4909E+00  1.5491E+00  0.0000E+00  8.9808E-01  0.0000E+00  0.0000E+00
  9.0000E+00  2.1666E+00  7.5729E+01  1.5006E+02  1.3978E+01  2.1666E+00  6.5561E+01  1.5006E+02  6.6268E+00  8.4865E+00  1.2667E+00  1.7924E+00  0.0000E+00  7.1850E-01  0.0000E+00  0.0000E+00
  1.0000E+01  2.1666E+00  7.5729E+01  1.5006E+02  1.3978E+01  2.1666E+00  6.5561E+01  1.5006E+02  6.6268E+00  8.4865E+00  1.0922E+00  1.4956E+00  0.0000E+00  5.8604E-01  0.0000E+00  0.0000E+00
  1.1000E+01  2.1666E+00  7.5729E+01  1.5006E+02  1.3978E+01  2.1666E+00  6.5561E+01  1.5006E+02  6.6268E+00  8.4865E+00  9.5586E-01  1.0774E+00  0.0000E+00  4.8784E-01  0.0000E+00  0.0000E+00
  1.2000E+01  2.1666E+00  7.5729E+01  1.5006E+02  1.3978E+01  2.1666E+00  6.5561E+01  1.5006E+02  6.6268E+00  8.4865E+00  8.4877E-01  3.6468E-01  0.0000E+00  4.1458E-01  0.0000E+00  0.0000E+00
  1.3000E+01  2.1666E+00  7.5729E+01  1.5006E+02  1.3978E+01  2.1666E+00  6.5561E+01  1.5006E+02  6.6268E+00  8.4865E+00  7.6418E-01  9.7333E-01  0.0000E+00  3.5947E-01  0.0000E+00  0.0000E+00
  1.4000E+01  2.1666E+00  7.5729E+01  1.5006E+02  1.3978E+01  2.1666E+00  6.5561E+01  1.5006E+02  6.6268E+00  8.4865E+00  6.9691E-01  6.8242E-01  0.0000E+00  3.1761E-01  0.0000E+00  0.0000E+00
  1.5000E+01  2.1666E+00  7.5729E+01  1.5006E+02  1.3978E+01  2.1666E+00  6.5561E+01  1.5006E+02  6.6268E+00  8.4865E+00  6.4297E-01  5.8259E-01  0.0000E+00  2.8541E-01  0.0000E+00  0.0000E+00
  1.6000E+01  2.1666E+00  7.5729E+01  1.5006E+02  1.3978E+01  2.1666E+00  6.5561E+01  1.5006E+02  6.6268E+00  8.4865E+00  5.9929E-01  6.9388E-01  0.0000E+00  2.6028E-01  0.0000E+00  0.0000E+00
  1.7000E+01  2.1666E+00  7.5729E+01  1.5006E+02  1.3978E+01  2.1666E+00  6.5561E+01  1.5006E+02  6.6268E+00  8.4865E+00  5.6354E-01  9.6418E-01  0.0000E+00  2.4034E-01  0.0000E+00  0.0000E+00
  1.8000E+01  2.1666E+00  7.5729E+01  1.5006E+02  1.3978E+01  2.1666E+00  6.5561E+01  1.5006E+02  6.6268E+00  8.4865E+00  5.3391E-01  5.2102E-01  0.0000E+00  2.2423E-01  0.0000E+00  0.0000E+00
  1.9000E+01  2.1666E+00  7.5729E+01  1.5006E+02  1.3978E+01  2.1666E+00  6.5561E+01  1.5006E+02  6.6268E+00  8.4865E+00  5.0902E-01  4.0822E-01  0.0000E+00  2.1094E-01  0.0000E+00  0.0000E+00
  2.0000E+01  2.1666E+00  7.5729E+01  1.5006E+02  1.3978E+01  2.1666E+00  6.5561E+01  1.5006E+02  6.6268E+00  8.4865E+00  4.8781E-01  5.3402E-01  0.0000E+00  1.9975E-01  0.0000E+00  0.0000E+00
  2.1000E+01  2.1666E+00  7.5729E+01  1.5006E+02  1.3978E+01  2.1666E+00  6.5561E+01  1.5006E+02  6.6268E+00  8.4865E+00  4.6948E-01  4.7960E-01  0.0000E+00  1.9013E-01  0.0000E+00  0.0000E+00
  2.2000E+01  2.1666E+00  7.5729E+01  1.5006E+02  1.3978E+01  2.1666E+00  6.5561E+01  1.5006E+02  6.6268E+00  8.4865E+00  4.5338E-01  5.5710E-01  0.0000E+00  1.8171E-01  0.0000E+00  0.0000E+00
  2.3000E+01  2.1666E+00  7.5729E+01  1.5006E+02  1.3978E+01  2.1666E+00  6.5561E+01  1.5006E+02  6.6268E+00  8.4865E+00  4.3905E-01  2.0344E-01  0.0000E+00  1.7419E-01  0.0000E+00  0.0000E+00
  2.4000E+01  2.1666E+00  7.5729E+01  1.5006E+02  1.3978E+01  2.1666E+00  6.5561E+01  1.5006E+02  6.6268E+00  8.4865E+00  4.2612E-01  2.6901E-01  0.0000E+00  1.6739E-01  0.0000E+00  0.0000E+00
  2.5000E+01  2.1666E+00  7.5729E+01  1.5006E+02  1.3978E+01  2.1666E+00  6.5561E+01  1.5006E+02  6.6268E+00  8.4865E+00  4.1430E-01  5.7419E-01  0.0000E+00  1.6113E-01  0.0000E+00  0.0000E+00
  2.6000E+01  2.1666E+00  7.5729E+01  1.5006E+02  1.3978E+01  2.1666E+00  6.5561E+01  1.5006E+02  6.6268E+00  8.4865E+00  4.0337E-01  3.9153E-01  0.0000E+00  1.5532E-01  0.0000E+00  0.0000E+00
  2.7000E+01  2.1666E+00  7.5729E+01  1.5006E+02  1.3978E+01  2.1666E+00  6.5561E+01  1.5006E+02  6.6268E+00  8.4865E+00  4.0337E-01  5.0345E-01  0.0000E+00  1.5532E-01  0.0000E+00  0.0000E+00
  2.8000E+01  2.1666E+00  7.5729E+01  1.5006E+02  1.3978E+01  2.1666E+00  6.5561E+01  1.5006E+02  6.6268E+00  8.4865E+00  2.1364E+00  1.2867E+00  0.0000E+00  1.5952E+00  0.0000E+00  0.0000E+00
  2.9000E+01  2.1666E+00  7.5729E+01  1.5006E+02  1.3978E+01  2.1666E+00  6.5561E+01  1.5006E+02  6.6268E+00  8.4865E+00  1.9807E+00  2.1972E+00  0.0000E+00  1.3938E+00  0.0000E+00  0.0000E+00
  3.0000E+01  2.1666E+00  7.5729E+01  1.5006E+02  1.3978E+01  2.1666E+00  6.5561E+01  1.5006E+02  6.6268E+00  8.4865E+00  1.6884E+00  1.4754E+00  0.0000E+00  1.1028E+00  0.0000E+00  0.0000E+00
  3.1000E+01  2.1666E+00  7.5729E+01  1.5006E+02  1.3978E+01  2.1666E+00  6.5561E+01  1.5006E+02  6.6268E+00  8.4865E+00  1.4417E+00  1.6299E+00  0.0000E+00  8.7289E-01  0.0000E+00  0.0000E+00
  3.2000E+01  2.1666E+00  7.5729E+01  1.5006E+02  1.3978E+01  2.1666E+00  6.5561E+01  1.5006E+02  6.6268E+00  8.4865E+00  1.2472E+00  1.5950E+00  0.0000E+00  7.0194E-01  0.0000E+00  0.0000E+00
  3.3000E+01  2.1666E+00  7.5729E+01  1.5006E+02  1.3978E+01  2.1666E+00  6.5561E+01  1.5006E+02  6.6268E+00  8.4865E+00  1.0948E+00  1.2411E+00  0.0000E+00  5.7549E-01  0.0000E+00  0.0000E+00
  3.4000E+01  2.1666E+00  7.5729E+01  1.5006E+02  1.3978E+01  2.1666E+00  6.5561E+01  1.5006E+02  6.6268E+00  8.4865E+00  9.7494E-01  1.0376E+00  0.0000E+00  4.8158E-01  0.0000E+00  0.0000E+00
  3.5000E+01  2.1666E+00  7.5729E+01  1.5006E+02  1.3978E+01  2.1666E+00  6.5561E+01  1.5006E+02  6.6268E+00  8.4865E+00  8.8017E-01  4.6571E-01  0.0000E+00  4.1138E-01  0.0000E+00  0.0000E+00
  3.6000E+01  2.1666E+00  7.5729E+01  1.5006E+02  1.3978E+01  2.1666E+00  6.5561E+01  1.5006E+02  6.6268E+00  8.4865E+00  8.0467E-01  4.4971E-01  0.0000E+00  3.5846E-01  0.0000E+00  0.0000E+00
  3.7000E+01  2.1666E+00  7.5729E+01  1.5006E+02  1.3978E+01  2.1666E+00  6.5561E+01  1.5006E+02  6.6268E+00  8.4865E+00  7.4402E-01  3.5744E-01  0.0000E+00  3.1813E-01  0.0000E+00  0.0000E+00
  3.8000E+01  2.1666E+00  7.5729E+01  1.5006E+02  1.3978E+01  2.1666E+00  6.5561E+01  1.5006E+02  6.6268E+00  8.4865E+00  6.9481E-01  7.7568E-01  0.0000E+00  2.8701E-01  0.0000E+00  0.0000E+00
  3.9000E+01  2.1666E+00  7.5729E+01  1.5006E+02  1.3978E+01  2.1666E+00  6.5561E+01  1.5006E+02  6.6268E+00  8.4865E+00  6.5443E-01  8.1663E-01  0.0000E+00  2.6263E-01  0.0000E+00  0.0000E+00
  4.0000E+01  2.1666E+00  7.5729E+01  1.5006E+02  1.3978E+01  2.1666E+00  6.5561E+01  1.5006E+02  6.6268E+00  8.4865E+00  6.2087E-01  6.7859E-01  0.0000E+00  2.4319E-01  0.0000E+00  0.0000E+00
  4.1000E+01  2.1666E+00  7.5729E+01  1.5006E+02  1.3978E+01  2.1666E+00  6.5561E+01  1.5006E+02  6.6268E+00  8.4865E+00  5.9260E-01  5.0035E-01  0.0000E+00  2.2740E-01  0.0000E+00  0.0000E+00
  4.2000E+01  2.1666E+00  7.5729E+01  1.5006E+02  1.3978E+01  2.1666E+00  6.5561E+01  1.5006E+02  6.6268E+00  8.4865E+00  5.6845E-01  4.8018E-01  0.0000E+00  2.1431E-01  0.0000E+00  0.0000E+00
  4.3000E+01  2.1666E+00  7.5729E+01  1.5006E+02  1.3978E+01  2.1666E+00  6.5561E+01  1.5006E+02  6.6268E+00  8.4865E+00  5.4750E-01  5.9116E-01  0.0000E+00  2.0323E-01  0.0000E+00  0.0000E+00
  4.4000E+01  2.1666E+00  7.5729E+01  1.5006E+02  1.3978E+01  2.1666E+00  6.5561E+01  1.5006E+02  6.6268E+00  8.4865E+00  5.2906E-01  6.5942E-01  0.0000E+00  1.9367E-01  0.0000E+00  0.0000E+00
  4.5000E+01  2.1666E+00  7.5729E+01  1.5006E+02  1.3978E+01  2.1666E+00  6.5561E+01  1.5006E+02  6.6268E+00  8.4865E+00  5.1259E-01  5.2638E-01  0.0000E+00  1.8525E-01  0.0000E+00  0.0000E+00
  4.6000E+01  2.1666E+00  7.5729E+01  1.5006E+02  1.3978E+01  2.1666E+00  6.5561E+01  1.5006E+02  6.6268E+00  8.4865E+00  4.9768E-01  3.5391E-01  0.0000E+00  1.7770E-01  0.0000E+00  0.0000E+00
  4.7000E+01  2.1666E+00  7.5729E+01  1.5006E+02  1.3978E+01  2.1666E+00  6.5561E+01  1.5006E+02  6.6268E+00  8.4865E+00  4.8403E-01  5.8698E-01  0.0000E+00  1.7084E-01  0.0000E+00  0.0000E+00
  4.8000E+01  2.1666E+00  7.5729E+01  1.5006E+02  1.3978E+01  2.1666E+00  6.5561E+01  1.5006E+02  6.6268E+00  8.4865E+00  4.7138E-01  5.1326E-01  0.0000E+00  1.6452E-01  0.0000E+00  0.0000E+00
  4.9000E+01  2.1666E+00  7.5729E+01  1.5006E+02  1.3978E+01  2.1666E+00  6.5561E+01  1.5006E+02  6.6268E+00  8.4865E+00  4.5954E-01  3.8058E-01  0.0000E+00  1.5864E-01  0.0000E+00  0.0000E+00
  5.0000E+01  2.1666E+00  7.5729E+01  1.5006E+02  1.3978E+01  2.1666E+00  6.5561E+01  1.5006E+02  6.6268E+00  8.4865E+00  4.4837E-01  4.2237E-01  0.0000E+00  1.5311E-01  0.0000E+00  0.0000E+00
  5.1000E+01  2.1666E+00  7.5729E+01  1.5006E+02  1.3978E+01  2.1666E+00  6.5561E+01  1.5006E+02  6.6268E+00  8.4865E+00  4.3777E-01  4.9470E-01  0.0000E+00  1.4788E-01  0.0000E+00  0.0000E+00
  5.2000E+01  2.1666E+00  7.5729E+01  1.5006E+02  1.3978E+01  2.1666E+00  6.5561E+01  1.5006E+02  6.6268E+00  8.4865E+00  2.1708E+00  9.6645E-01  0.0000E+00  1.5882E+00  0.0000E+00  0.0000E+00
  5.3000E+01  2.1666E+00  7.5729E+01  1.5006E+02  1.3978E+01  2.1666E+00  6.5561E+01  1.5006E+02  6.6268E+00  8.4865E+00  2.0150E+00  2.6312E+00  0.0000E+00  1.3873E+00  0.0000E+00  0.0000E+00
  5.4000E+01  2.1666E+00  7.5729E+01  1.5006E+02  1.3978E+01  2.1666E+00  6.5561E+01  1.5006E+02  6.6268E+00  8.4865E+00  1.7225E+00  1.4796E+00  0.0000E+00  1.0965E+00  0.0000E+00  0.0000E+00
  5.5000E+01  2.1666E+00  7.5729E+01  1.5006E+02  1.3978E+01  2.1666E+00  6.5561E+01  1.5006E+02  6.6268E+00  8.4865E+00  1.4754E+00  1.2431E+00  0.0000E+00  8.6694E-01  0.0000E+00  0.0000E+00
  5.6000E+01  2.1666E+00  7.5729E+01  1.5006E+02  1.3978E+01  2.1666E+00  6.5561E+01  1.5006E+02  6.6268E+00  8.4865E+00  1.2805E+00  1.7433E+00  0.0000E+00  6.9625E-01  0.0000E+00  0.0000E+00
  5.7000E+01  2.1666E+00  7.5729E+01  1.5006E+02  1.3978E+01  2.1666E+00  6.5561E+01  1.5006E+02  6.6268E+00  8.4865E+00  1.1276E+00  1.1749E+00  0.0000E+00  5.7002E-01  0.0000E+00  0.0000E+00
  5.8000E+01  2.1666E+00  7.5729E+01  1.5006E+02  1.3978E+01  2.1666E+00  6.5561E+01  1.5006E+02  6.6268E+00  8.4865E+00  1.0072E+00  6.9650E-01  0.0000E+00  4.7632E-01  0.0000E+00  0.0000E+00
  5.9000E+01  2.1666E+00  7.5729E+01  1.5006E+02  1.3978E+01  2.1666E+00  6.5561E+01  1.5006E+02  6.6268E+00  8.4865E+00  9.1187E-01  6.3008E-01  0.0000E+00  4.0632E-01  0.0000E+00  0.0000E+00
  6.0000E+01  2.1666E+00  7.5729E+01  1.5006E+02  1.3978E+01  2.1666E+00  6.5561E+01  1.5006E+02  6.6268E+00  8.4865E+00  8.3579E-01  8.2799E-01  0.0000E+00  3.5357E-01  0.0000E+00  0.0000E+00
  6.1000E+01  2.1666E+00  7.5729E+01  1.5006E+02  1.3978E+01  2.1666E+00  6.5561E+01  1.5006E+02  6.6268E+00  8.4865E+00  7.7455E-01  1.0239E+00  0.0000E+00  3.1342E-01  0.0000E+00  0.0000E+00
  6.2000E+01  2.1666E+00  7.5729E+01  1.5006E+02  1.3978E+01  2.1666E+00  6.5561E+01  1.5006E+02  6.6268E+00  8.4865E+00  7.2475E-01  6.6910E-01  0.0000E+00  2.8246E-01  0.0000E+00  0.0000E+00
  6.3000E+01  2.1666E+00  7.5729E+01  1.5006E+02  1.3978E+01  2.1666E+00  6.5561E+01  1.5006E+02  6.6268E+00  8.4865E+00  6.8377E-01  5.1164E-01  0.0000E+00  2.5823E-01  0.0000E+00  0.0000E+00
  6.4000E+01  2.1666E+00  7.5729E+01  1.5006E+02  1.3978E+01  2.1666E+00  6.5561E+01  1.5006E+02  6.6268E+00  8.4865E+00  6.4962E-01  1.0380E+00  0.0000E+00  2.3894E-01  0.0000E+00  0.0000E+00
  6.5000E+01  2.1666E+00  7.5729E+01  1.5006E+02  1.3978E+01  2.1666E+00  6.5561E+01  1.5006E+02  6.6268E+00  8.4865E+00  6.2077E-01  4.0818E-01  0.0000E+00  2.2329E-01  0.0000E+00  0.0000E+00
  6.6000E+01  2.1666E+00  7.5729E+01  1.5006E+02  1.3978E+01  2.1666E+00  6.5561E+01  1.5006E+02  6.6268E+00  8.4865E+00  5.9604E-01  3.1853E-01  0.0000E+00  2.1033E-01  0.0000E+00  0.0000E+00
  6.7000E+01  2.1666E+00  7.5729E+01  1.5006E+02  1.3978E+01  2.1666E+00  6.5561E+01  1.5006E+02  6.6268E+00  8.4865E+00  5.7451E-01  7.8940E-01  0.0000E+00  1.9938E-01  0.0000E+00  0.0000E+00
  6.8000E+01  2.1666E+00  7.5729E+01  1.5006E+02  1.3978E+01  2.1666E+00  6.5561E+01  1.5006E+02  6.6268E+00  8.4865E+00  5.5551E-01  6.9639E-01  0.0000E+00  1.8994E-01  0.0000E+00  0.0000E+00
  6.9000E+01  2.1666E+00  7.5729E+01  1.5006E+02  1.3978E+01  2.1666E+00  6.5561E+01  1.5006E+02  6.6268E+00  8.4865E+00  5.3848E-01  4.1594E-01  0.0000E+00  1.8164E-01  0.0000E+00  0.0000E+00
  7.0000E+01  2.1666E+00  7.5729E+01  1.5006E+02  1.3978E+01  2.1666E+00  6.5561E+01  1.5006E+02  6.6268E+00  8.4865E+00  5.2304E-01  5.2924E-01  0.0000E+00  1.7421E-01  0.0000E+00  0.0000E+00
  7.1000E+01  2.1666E+00  7.5729E+01  1.5006E+02  1.3978E+01  2.1666E+00  6.5561E+01  1.5006E+02  6.6268E+00  8.4865E+00  5.0884E-01  8.7721E-01  0.0000E+00  1.6746E-01  0.0000E+00  0.0000E+00
  7.2000E+01  2.1666E+00  7.5729E+01  1.5006E+02  1.3978E+01  2.1666E+00  6.5561E+01  1.5006E+02  6.6268E+00  8.4865E+00  4.9567E-01  4.6073E-01  0.0000E+00  1.6125E-01  0.0000E+00  0.0000E+00
  7.3000E+01  2.1666E+00  7.5729E+01  1.5006E+02  1.3978E+01  2.1666E+00  6.5561E+01  1.5006E+02  6.6268E+00  8.4865E+00  4.8332E-01  4.3113E-01  0.0000E+00  1.5547E-01  0.0000E+00  0.0000E+00
  7.4000E+01  2.1666E+00  7.5729E+01  1.5006E+02  1.3978E+01  2.1666E+00  6.5561E+01  1.5006E+02  6.6268E+00  8.4865E+00  4.7165E-01  5.0592E-01  0.0000E+00  1.5005E-01  0.0000E+00  0.0000E+00
  7.5000E+01  2.1666E+00  7.5729E+01  1.5006E+02  1.3978E+01  2.1666E+00  6.5561E+01  1.5006E+02  6.6268E+00  8.4865E+00  4.6055E-01  4.8443E-01  0.0000E+00  1.4492E-01  0.0000E+00  0.0000E+00
  7.6000E+01  2.1666E+00  7.5729E+01  1.5006E+02  1.3978E+01  2.1666E+00  6.5561E+01  1.5006E+02  6.6268E+00  8.4865E+00  2.1931E+00  2.3607E+00  0.0000E+00  1.5854E+00  0.0000E+00  0.0000E+00
  7.7000E+01  2.1666E+00  7.5729E+01  1.5006E+02  1.3978E+01  2.1666E+00  6.5561E+01  1.5006E+02  6.6268E+00  8.4865E+00  2.0368E+00  1.9943E+00  0.0000E+00  1.3845E+00  0.0000E+00  0.0000E+00
  7.8000E+01  2.1666E+00  7.5729E+01  1.5006E+02  1.3978E+01  2.1666E+00  6.5561E+01  1.5006E+02  6.6268E+00  8.4865E+00  1.7438E+00  1.4529E+00  0.0000E+00  1.0938E+00  0.0000E+00  0.0000E+00
  7.9000E+01  2.1666E+00  7.5729E+01  1.5006E+02  1.3978E+01  2.1666E+00  6.5561E+01  1.5006E+02  6.6268E+00  8.4865E+00  1.4963E+00  2.0284E+00  0.0000E+00  8.6434E-01  0.0000E+00  0.0000E+00
  8.0000E+01  2.1666E+00  7.5729E+01  1.5006E+02  1.3978E+01  2.1666E+00  6.5561E+01  1.5006E+02  6.6268E+00  8.4865E+00  1.3009E+00  8.7633E-01  0.0000E+00  6.9373E-01  0.0000E+00  0.0000E+00
  8.1000E+01  2.1666E+00  7.5729E+01  1.5006E+02  1.3978E+01  2.1666E+00  6.5561E+01  1.5006E+02  6.6268E+00  8.4865E+00  1.1476E+00  1.9321E+00  0.0000E+00  5.6759E-01  0.0000E+00  0.0000E+00
  8.2000E+01  2.1666E+00  7.5729E+01  1.5006E+02  1.3978E+01  2.1666E+00  6.5561E+01  1.5006E+02  6.6268E+00  8.4865E+00  1.0268E+00  3.5904E-01  0.0000E+00  4.7397E-01  0.0000E+00  0.0000E+00
  8.3000E+01  2.1666E+00  7.5729E+01  1.5006E+02  1.3978E+01  2.1666E+00  6.5561E+01  1.5006E+02  6.6268E+00  8.4865E+00  9.3105E-01  1.4104E+00  0.0000E+00  4.0404E-01  0.0000E+00  0.0000E+00
  8.4000E+01  2.1666E+00  7.5729E+01  1.5006E+02  1.3978E+01  2.1666E+00  6.5561E+01  1.5006E+02  6.6268E+00  8.4865E+00  8.5457E-01  5.9781E-01  0.0000E+00  3.5136E-01  0.0000E+00  0.0000E+00
  8.5000E+01  2.1666E+00  7.5729E+01  1.5006E+02  1.3978E+01  2.1666E+00  6.5561E+01  1.5006E+02  6.6268E+00  8.4865E+00  7.9293E-01  9.3496E-01  0.0000E+00  3.1128E-01  0.0000E+00  0.0000E+00
  8.6000E+01  2.1666E+00  7.5729E+01  1.5006E+02  1.3978E+01  2.1666E+00  6.5561E+01  1.5006E+02  6.6268E+00  8.4865E+00  7.4273E-01  8.7098E-01  0.0000E+00  2.8038E-01  0.0000E+00  0.0000E+00
  8.7000E+01  2.1666E+00  7.5729E+01  1.5006E+02  1.3978E+01  2.1666E+00  6.5561E+01  1.5006E+02  6.6268E+00  8.4865E+00  7.0137E-01  5.4888E-01  0.0000E+00  2.5622E-01  0.0000E+00  0.0000E+00
  8.8000E+01  2.1666E+00  7.5729E+01  1.5006E+02  1.3978E+01  2.1666E+00  6.5561E+01  1.5006E+02  6.6268E+00  8.4865E+00  6.6685E-01  3.9458E-01  0.0000E+00  2.3699E-01  0.0000E+00  0.0000E+00
  8.9000E+01  2.1666E+00  7.5729E+01  1.5006E+02  1.3978E+01  2.1666E+00  6.5561E+01  1.5006E+02  6.6268E+00  8.4865E+00  6.3763E-01  7.8399E-01  0.0000E+00  2.2141E-01  0.0000E+00  0.0000E+00
  9.0000E+01  2.1666E+00  7.5729E+01  1.5006E+02  1.3978E+01  2.1666E+00  6.5561E+01  1.5006E+02  6.6268E+00  8.4865E+00  6.1253E-01  6.7597E-01  0.0000E+00  2.0851E-01  0.0000E+00  0.0000E+00
  9.1000E+01  2.1666E+00  7.5729E+01  1.5006E+02  1.3978E+01  2.1666E+00  6.5561E+01  1.5006E+02  6.6268E+00  8.4865E+00  5.9066E-01  5.1038E-01  0.0000E+00  1.9762E-01  0.0000E+00  0.0000E+00
  9.2000E+01  2.1666E+00  7.5729E+01  1.5006E+02  1.3978E+01  2.1666E+00  6.5561E+01  1.5006E+02  6.6268E+00  8.4865E+00  5.7131E-01  7.5313E-01  0.0000E+00  1.8824E-01  0.0000E+00  0.0000E+00
  9.3000E+01  2.1666E+00  7.5729E+01  1.5006E+02  1.3978E+01  2.1666E+00  6.5561E+01  1.5006E+02  6.6268E+00  8.4865E+00  5.5395E-01  7.2877E-01  0.0000E+00  1.7999E-01  0.0000E+00  0.0000E+00
  9.4000E+01  2.1666E+00  7.5729E+01  1.5006E+02  1.3978E+01  2.1666E+00  6.5561E+01  1.5006E+02  6.6268E+00  8.4865E+00  5.3817E-01  4.9889E-01  0.0000E+00  1.7262E-01  0.0000E+00  0.0000E+00
  9.5000E+01  2.1666E+00  7.5729E+01  1.5006E+02  1.3978E+01  2.1666E+00  6.5561E+01  1.5006E+02  6.6268E+00  8.4865E+00  5.2366E-01  4.9612E-01  0.0000E+00  1.6592E-01  0.0000E+00  0.0000E+00
  9.6000E+01  2.1666E+00  7.5729E+01  1.5006E+02  1.3978E+01  2.1666E+00  6.5561E+01  1.5006E+02  6.6268E+00  8.4865E+00  5.1017E-01  4.7313E-01  0.0000E+00  1.5976E-01  0.0000E+00  0.0000E+00
  9.7000E+01  2.1666E+00  7.5729E+01  1.5006E+02  1.3978E+01  2.1666E+00  6.5561E+01  1.5006E+02  6.6268E+00  8.4865E+00  4.9751E-01  4.8904E-01  0.0000E+00  1.5403E-01  0.0000E+00  0.0000E+00
  9.8000E+01  2.1666E+00  7.5729E+01  1.5006E+02  1.3978E+01  2.1666E+00  6.5561E+01  1.5006E+02  6.6268E+00  8.4865E+00  4.8554E-01  5.1071E-01  0.0000E+00  1.4865E-01  0.0000E+00  0.0000E+00
  9.9000E+01  2.1666E+00  7.5729E+01  1.5006E+02  1.3978E+01  2.1666E+00  6.5561E+01  1.5006E+02  6.6268E+00  8.4865E+00  4.7414E-01  1.2182E-01  0.0000E+00  1.4356E-01  0.0000E+00  0.0000E+00
  1.0000E+02  2.1666E+00  7.5729E+01  1.5006E+02  1.3978E+01  2.1666E+00  6.5561E+01  1.5006E+02  6.6268E+00  8.4865E+00  2.2064E+00  3.9928E+00  0.0000E+00  1.5841E+00  0.0000E+00  0.0000E+00
  1.0100E+02  2.1666E+00  7.5729E+01  1.5006E+02  1.3978E+01  2.1666E+00  6.5561E+01  1.5006E+02  6.6268E+00  8.4865E+00  2.0499E+00  1.5623E+00  0.0000E+00  1.3832E+00  0.0000E+00  0.0000E+00
  1.0200E+02  2.1666E+00  7.5729E+01  1.5006E+02  1.3978E+01  2.1666E+00  6.5561E+01  1.5006E+02  6.6268E+00  8.4865E+00  1.7566E+00  2.1457E+00  0.0000E+00  1.0926E+00  0.0000E+00  0.0000E+00
  1.0300E+02  2.1666E+00  7.5729E+01  1.5006E+02  1.3978E+01  2.1666E+00  6.5561E+01  1.5006E+02  6.6268E+00  8.4865E+00  1.5088E+00  1.3404E+00  0.0000E+00  8.6315E-01  0.0000E+00  0.0000E+00
  1.0400E+02  2.1666E+00  7.5729E+01  1.5006E+02  1.3978E+01  2.1666E+00  6.5561E+01  1.5006E+02  6.6268E+00  8.4865E+00  1.3131E+00  1.8804E+00  0.0000E+00  6.9258E-01  0.0000E+00  0.0000E+00
  1.0500E+02  2.1666E+00  7.5729E+01  1.5006E+02  1.3978E+01  2.1666E+00  6.5561E+01  1.5006E+02  6.6268E+00  8.4865E+00  1.1595E+00  6.8168E-01  0.0000E+00  5.6647E-01  0.0000E+00  0.0000E+00
  1.0600E+02  2.1666E+00  7.5729E+01  1.5006E+02  1.3978E+01  2.1666E+00  6.5561E+01  1.5006E+02  6.6268E+00  8.4865E+00  1.0385E+00  7.8674E-01  0.0000E+00  4.7289E-01  0.0000E+00  0.0000E+00
  1.0700E+02  2.1666E+00  7.5729E+01  1.5006E+02  1.3978E+01  2.1666E+00  6.5561E+01  1.5006E+02  6.6268E+00  8.4865E+00  9.4249E-01  9.7165E-01  0.0000E+00  4.0299E-01  0.0000E+00  0.0000E+00
  1.0800E+02  2.1666E+00  7.5729E+01  1.5006E+02  1.3978E+01  2.1666E+00  6.5561E+01  1.5006E+02  6.6268E+00  8.4865E+00  8.6577E-01  6.7567E-01  0.0000E+00  3.5035E-01  0.0000E+00  0.0000E+00
  1.0900E+02  2.1666E+00  7.5729E+01  1.5006E+02  1.3978E+01  2.1666E+00  6.5561E+01  1.5006E+02  6.6268E+00  8.4865E+00  8.0389E-01  1.0243E+00  0.0000E+00  3.1030E-01  0.0000E+00  0.0000E+00
  1.1000E+02  2.1666E+00  7.5729E+01  1.5006E+02  1.3978E+01  2.1666E+00  6.5561E+01  1.5006E+02  6.6268E+00  8.4865E+00  7.5346E-01  5.2455E-01  0.0000E+00  2.7944E-01  0.0000E+00  0.0000E+00
  1.1100E+02  2.1666E+00  7.5729E+01  1.5006E+02  1.3978E+01  2.1666E+00  6.5561E+01  1.5006E+02  6.6268E+00  8.4865E+00  7.1187E-01  6.0226E-01  0.0000E+00  2.5530E-01  0.0000E+00  0.0000E+00
  1.1200E+02  2.1666E+00  7.5729E+01  1.5006E+02  1.3978E+01  2.1666E+00  6.5561E+01  1.5006E+02  6.6268E+00  8.4865E+00  6.7712E-01  6.3521E-01  0.0000E+00  2.3611E-01  0.0000E+00  0.0000E+00
  1.1300E+02  2.1666E+00  7.5729E+01  1.5006E+02  1.3978E+01  2.1666E+00  6.5561E+01  1.5006E+02  6.6268E+00  8.4865E+00  6.4768E-01  4.7507E-01  0.0000E+00  2.2055E-01  0.0000E+00  0.0000E+00
  1.1400E+02  2.1666E+00  7.5729E+01  1.5006E+02  1.3978E+01  2.1666E+00  6.5561E+01  1.5006E+02  6.6268E+00  8.4865E+00  6.2238E-01  7.0533E-01  0.0000E+00  2.0768E-01  0.0000E+00  0.0000E+00
  1.1500E+02  2.1666E+00  7.5729E+01  1.5006E+02  1.3978E+01  2.1666E+00  6.5561E+01  1.5006E+02  6.6268E+00  8.4865E+00  6.0029E-01  4.9723E-01  0.0000E+00  1.9682E-01  0.0000E+00  0.0000E+00
  1.1600E+02  2.1666E+00  7.5729E+01  1.5006E+02  1.3978E+01  2.1666E+00  6.5561E+01  1.5006E+02  6.6268E+00  8.4865E+00  5.8074E-01  4.0610E-01  0.0000E+00  1.8746E-01  0.0000E+00  0.0000E+00
  1.1700E+02  2.1666E+00  7.5729E+01  1.5006E+02  1.3978E+01  2.1666E+00  6.5561E+01  1.5006E+02  6.6268E+00  8.4865E+00  5.6318E-01  5.0375E-01  0.0000E+00  1.7924E-01  0.0000E+00  0.0000E+00
  1.1800E+02  2.1666E+00  7.5729E+01  1.5006E+02  1.3978E+01  2.1666E+00  6.5561E+01  1.5006E+02  6.6268E+00  8.4865E+00  5.4720E-01  5.1305E-01  0.0000E+00  1.7189E-01  0.0000E+00  0.0000E+00
  1.1900E+02  2.1666E+00  7.5729E+01  1.5006E+02  1.3978E+01  2.1666E+00  6.5561E+01  1.5006E+02  6.6268E+00  8.4865E+00  5.3250E-01  2.8101E-01  0.0000E+00  1.6521E-01  0.0000E+00  0.0000E+00
  1.2000E+02  2.1666E+00  7.5729E+01  1.5006E+02  1.3978E+01  2.1666E+00  6.5561E+01  1.5006E+02  6.6268E+00  8.4865E+00  5.1882E-01  4.2110E-01  0.0000E+00  1.5907E-01  0.0000E+00  0.0000E+00
  1.2100E+02  2.1666E+00  7.5729E+01  1.5006E+02  1.3978E+01  2.1666E+00  6.5561E+01  1.5006E+02  6.6268E+00  8.4865E+00  5.0597E-01  5.3244E-01  0.0000E+00  1.5336E-01  0.0000E+00  0.0000E+00
  1.2200E+02  2.1666E+00  7.5729E+01  1.5006E+02  1.3978E+01  2.1666E+00  6.5561E+01  1.5006E+02  6.6268E+00  8.4865E+00  4.9382E-01  5.5600E-01  0.0000E+00  1.4800E-01  0.0000E+00  0.0000E+00
  1.2300E+02  2.1666E+00  7.5729E+01  1.5006E+02  1.3978E+01  2.1666E+00  6.5561E+01  1.5006E+02  6.6268E+00  8.4865E+00  4.8225E-01  5.7670E-01  0.0000E+00  1.4294E-01  0.0000E+00  0.0000E+00
  1.2400E+02  2.1666E+00  7.5729E+01  1.5006E+02  1.3978E+01  2.1666E+00  6.5561E+01  1.5006E+02  6.6268E+00  8.4865E+00  2.2144E+00  1.1338E+00  0.0000E+00  1.5835E+00  0.0000E+00  0.0000E+00
  1.2500E+02  2.1666E+00  7.5729E+01  1.5006E+02  1.3978E+01  2.1666E+00  6.5561E+01  1.5006E+02  6.6268E+00  8.4865E+00  2.0576E+00  2.2085E+00  0.0000E+00  1.3826E+00  0.0000E+00  0.0000E+00
  1.2600E+02  2.1666E+00  7.5729E+01  1.5006E+02  1.3978E+01  2.1666E+00  6.5561E+01  1.5006E+02  6.6268E+00  8.4865E+00  1.7642E+00  1.8589E+00  0.0000E+00  1.0920E+00  0.0000E+00  0.0000E+00
  1.2700E+02  2.1666E+00  7.5729E+01  1.5006E+02  1.3978E+01  2.1666E+00  6.5561E+01  1.5006E+02  6.6268E+00  8.4865E+00  1.5162E+00  1.8250E+00  0.0000E+00  8.6260E-01  0.0000E+00  0.0000E+00
  1.2800E+02  2.1666E+00  7.5729E+01  1.5006E+02  1.3978E+01  2.1666E+00  6.5561E+01  1.5006E+02  6.6268E+00  8.4865E+00  1.3204E+00  1.9262E+00  0.0000E+00  6.9205E-01  0.0000E+00  0.0000E+00
  1.2900E+02  2.1666E+00  7.5729E+01  1.5006E+02  1.3978E+01  2.1666E+00  6.5561E+01  1.5006E+02  6.6268E+00  8.4865E+00  1.1667E+00  1.1749E+00  0.0000E+00  5.6596E-01  0.0000E+00  0.0000E+00
  1.3000E+02  2.1666E+00  7.5729E+01  1.5006E+02  1.3978E+01  2.1666E+00  6.5561E+01  1.5006E+02  6.6268E+00  8.4865E+00  1.0455E+00  1.1982E+00  0.0000E+00  4.7239E-01  0.0000E+00  0.0000E+00
  1.3100E+02  2.1666E+00  7.5729E+01  1.5006E+02  1.3978E+01  2.1666E+00  6.5561E+01  1.5006E+02  6.6268E+00  8.4865E+00  9.4932E-01  8.6971E-01  0.0000E+00  4.0251E-01  0.0000E+00  0.0000E+00
  1.3200E+02  2.1666E+00  7.5729E+01  1.5006E+02  1.3978E+01  2.1666E+00  6.5561E+01  1.5006E+02  6.6268E+00  8.4865E+00  8.7245E-01  1.0950E+00  0.0000E+00  3.4989E-01  0.0000E+00  0.0000E+00
  1.3300E+02  2.1666E+00  7.5729E+01  1.5006E+02  1.3978E+01  2.1666E+00  6.5561E+01  1.5006E+02  6.6268E+00  8.4865E+00  8.1042E-01  1.0694E+00  0.0000E+00  3.0985E-01  0.0000E+00  0.0000E+00
  1.3400E+02  2.1666E+00  7.5729E+01  1.5006E+02  1.3978E+01  2.1666E+00  6.5561E+01  1.5006E+02  6.6268E+00  8.4865E+00  7.5985E-01  9.3205E-01  0.0000E+00  2.7900E-01  0.0000E+00  0.0000E+00
  1.3500E+02  2.1666E+00  7.5729E+01  1.5006E+02  1.3978E+01  2.1666E+00  6.5561E+01  1.5006E+02  6.6268E+00  8.4865E+00  7.1813E-01  4.9682E-01  0.0000E+00  2.5488E-01  0.0000E+00  0.0000E+00
  1.3600E+02  2.1666E+00  7.5729E+01  1.5006E+02  1.3978E+01  2.1666E+00  6.5561E+01  1.5006E+02  6.6268E+00  8.4865E+00  6.8325E-01  1.0048E+00  0.0000E+00  2.3570E-01  0.0000E+00  0.0000E+00
  1.3700E+02  2.1666E+00  7.5729E+01  1.5006E+02  1.3978E+01  2.1666E+00  6.5561E+01  1.5006E+02  6.6268E+00  8.4865E+00  6.5368E-01  7.0510E-01  0.0000E+00  2.2015E-01  0.0000E+00  0.0000E+00
  1.3800E+02  2.1666E+00  7.5729E+01  1.5006E+02  1.3978E+01  2.1666E+00  6.5561E+01  1.5006E+02  6.6268E+00  8.4865E+00  6.2825E-01  5.1821E-01  0.0000E+00  2.0730E-01  0.0000E+00  0.0000E+00
  1.3900E+02  2.1666E+00  7.5729E+01  1.5006E+02  1.3978E+01  2.1666E+00  6.5561E+01  1.5006E+02  6.6268E+00  8.4865E+00  6.0604E-01  6.3181E-01  0.0000E+00  1.9645E-01  0.0000E+00  0.0000E+00
  1.4000E+02  2.1666E+00  7.5729E+01  1.5006E+02  1.3978E+01  2.1666E+00  6.5561E+01  1.5006E+02  6.6268E+00  8.4865E+00  5.8636E-01  5.1329E-01  0.0000E+00  1.8710E-01  0.0000E+00  0.0000E+00
  1.4100E+02  2.1666E+00  7.5729E+01  1.5006E+02  1.3978E+01  2.1666E+00  6.5561E+01  1.5006E+02  6.6268E+00  8.4865E+00  5.6868E-01  7.7120E-01  0.0000E+00  1.7889E-01  0.0000E+00  0.0000E+00
  1.4200E+02  2.1666E+00  7.5729E+01  1.5006E+02  1.3978E+01  2.1666E+00  6.5561E+01  1.5006E+02  6.6268E+00  8.4865E+00  5.5259E-01  6.2186E-01  0.0000E+00  1.7155E-01  0.0000E+00  0.0000E+00
  1.4300E+02  2.1666E+00  7.5729E+01  1.5006E+02  1.3978E+01  2.1666E+00  6.5561E+01  1.5006E+02  6.6268E+00  8.4865E+00  5.3777E-01  3.9105E-01  0.0000E+00  1.6489E-01  0.0000E+00  0.0000E+00
  1.4400E+02  2.1666E+00  7.5729E+01  1.5006E+02  1.3978E+01  2.1666E+00  6.5561E+01  1.5006E+02  6.6268E+00  8.4865E+00  5.2398E-01  5.5153E-01  0.0000E+00  1.5876E-01  0.0000E+00  0.0000E+00
  1.4500E+02  2.1666E+00  7.5729E+01  1.5006E+02  1.3978E+01  2.1666E+00  6.5561E+01  1.5006E+02  6.6268E+00  8.4865E+00  5.1102E-01  6.1069E-01  0.0000E+00  1.5306E-01  0.0000E+00  0.0000E+00
  1.4600E+02  2.1666E+00  7.5729E+01  1.5006E+02  1.3978E+01  2.1666E+00  6.5561E+01  1.5006E+02  6.6268E+00  8.4865E+00  4.9876E-01  5.7659E-01  0.0000E+00  1.4771E-01  0.0000E+00  0.0000E+00
  1.4700E+02  2.1666E+00  7.5729E+01  1.5006E+02  1.3978E+01  2.1666E+00  6.5561E+01  1.5006E+02  6.6268E+00  8.4865E+00  4.8709E-01  3.9512E-01  0.0000E+00  1.4266E-01  0.0000E+00  0.0000E+00
  1.4800E+02  2.1666E+00  7.5729E+01  1.5006E+02  1.3978E+01  2.1666E+00  6.5561E+01  1.5006E+02  6.6268E+00  8.4865E+00  2.2191E+00  2.5830E+00  0.0000E+00  1.5832E+00  0.0000E+00  0.0000E+00
  1.4900E+02  2.1666E+00  7.5729E+01  1.5006E+02  1.3978E+01  2.1666E+00  6.5561E+01  1.5006E+02  6.6268E+00  8.4865E+00  2.0623E+00  2.2846E+00  0.0000E+00  1.3824E+00  0.0000E+00  0.0000E+00
  1.5000E+02  2.1666E+00  7.5729E+01  1.5006E+02  1.3978E+01  2.1666E+00  6.5561E+01  1.5006E+02  6.6268E+00  8.4865E+00  1.7687E+00  2.2811E+00  0.0000E+00  1.0918E+00  0.0000E+00  0.0000E+00
  1.5100E+02  2.1666E+00  7.5729E+01  1.5006E+02  1.3978E+01  2.1666E+00  6.5561E+01  1.5006E+02  6.6268E+00  8.4865E+00  1.5206E+00  1.8839E+00  0.0000E+00  8.6235E-01  0.0000E+00  0.0000E+00
  1.5200E+02  2.1666E+00  7.5729E+01  1.5006E+02  1.3978E+01  2.1666E+00  6.5561E+01  1.5006E+02  6.6268E+00  8.4865E+00  1.3248E+00  1.2142E+00  0.0000E+00  6.9181E-01  0.0000E+00  0.0000E+00
  1.5300E+02  2.1666E+00  7.5729E+01  1.5006E+02  1.3978E+01  2.1666E+00  6.5561E+01  1.5006E+02  6.6268E+00  8.4865E+00  1.1709E+00  8.3451E-01  0.0000E+00  5.6572E-01  0.0000E+00  0.0000E+00
  1.5400E+02  2.1666E+00  7.5729E+01  1.5006E+02  1.3978E+01  2.1666E+00  6.5561E+01  1.5006E+02  6.6268E+00  8.4865E+00  1.0496E+00  1.5736E+00  0.0000E+00  4.7216E-01  0.0000E+00  0.0000E+00
  1.5500E+02  2.1666E+00  7.5729E+01  1.5006E+02  1.3978E+01  2.1666E+00  6.5561E+01  1.5006E+02  6.6268E+00  8.4865E+00  9.5339E-01  9.5140E-01  0.0000E+00  4.0229E-01  0.0000E+00  0.0000E+00
  1.5600E+02  2.1666E+00  7.5729E+01  1.5006E+02  1.3978E+01  2.1666E+00  6.5561E+01  1.5006E+02  6.6268E+00  8.4865E+00  8.7643E-01  1.2320E+00  0.0000E+00  3.4968E-01  0.0000E+00  0.0000E+00
  1.5700E+02  2.1666E+00  7.5729E+01  1.5006E+02  1.3978E+01  2.1666E+00  6.5561E+01  1.5006E+02  6.6268E+00  8.4865E+00  8.1432E-01  8.3596E-01  0.0000E+00  3.0964E-01  0.0000E+00  0.0000E+00
  1.5800E+02  2.1666E+00  7.5729E+01  1.5006E+02  1.3978E+01  2.1666E+00  6.5561E+01  1.5006E+02  6.6268E+00  8.4865E+00  7.6367E-01  4.5408E-01  0.0000E+00  2.7880E-01  0.0000E+00  0.0000E+00
  1.5900E+02  2.1666E+00  7.5729E+01  1.5006E+02  1.3978E+01  2.1666E+00  6.5561E+01  1.5006E+02  6.6268E+00  8.4865E+00  7.2187E-01  9.3685E-01  0.0000E+00  2.5469E-01  0.0000E+00  0.0000E+00
  1.6000E+02  2.1666E+00  7.5729E+01  1.5006E+02  1.3978E+01  2.1666E+00  6.5561E+01  1.5006E+02  6.6268E+00  8.4865E+00  6.8691E-01  7.9922E-01  0.0000E+00  2.3551E-01  0.0000E+00  0.0000E+00
  1.6100E+02  2.1666E+00  7.5729E+01  1.5006E+02  1.3978E+01  2.1666E+00  6.5561E+01  1.5006E+02  6.6268E+00  8.4865E+00  6.5726E-01  6.5171E-01  0.0000E+00  2.1997E-01  0.0000E+00  0.0000E+00
  1.6200E+02  2.1666E+00  7.5729E+01  1.5006E+02  1.3978E+01  2.1666E+00  6.5561E+01  1.5006E+02  6.6268E+00  8.4865E+00  6.3175E-01  9.8483E-01  0.0000E+00  2.0713E-01  0.0000E+00  0.0000E+00
  1.6300E+02  2.1666E+00  7.5729E+01  1.5006E+02  1.3978E+01  2.1666E+00  6.5561E+01  1.5006E+02  6.6268E+00  8.4865E+00  6.0946E-01  7.5911E-01  0.0000E+00  1.9628E-01  0.0000E+00  0.0000E+00
  1.6400E+02  2.1666E+00  7.5729E+01  1.5006E+02  1.3978E+01  2.1666E+00  6.5561E+01  1.5006E+02  6.6268E+00  8.4865E+00  5.8971E-01  5.8617E-01  0.0000E+00  1.8694E-01  0.0000E+00  0.0000E+00
  1.6500E+02  2.1666E+00  7.5729E+01  1.5006E+02  1.3978E+01  2.1666E+00  6.5561E+01  1.5006E+02  6.6268E+00  8.4865E+00  5.7196E-01  4.9074E-01  0.0000E+00  1.7873E-01  0.0000E+00  0.0000E+00
  1.6600E+02  2.1666E+00  7.5729E+01  1.5006E+02  1.3978E+01  2.1666E+00  6.5561E+01  1.5006E+02  6.6268E+00  8.4865E+00  5.5580E-01  6.8581E-01  0.0000E+00  1.7140E-01  0.0000E+00  0.0000E+00
  1.6700E+02  2.1666E+00  7.5729E+01  1.5006E+02  1.3978E+01  2.1666E+00  6.5561E+01  1.5006E+02  6.6268E+00  8.4865E+00  5.4091E-01  5.9853E-01  0.0000E+00  1.6474E-01  0.0000E+00  0.0000E+00
  1.6800E+02  2.1666E+00  7.5729E+01  1.5006E+02  1.3978E+01  2.1666E+00  6.5561E+01  1.5006E+02  6.6268E+00  8.4865E+00  5.2705E-01  3.9750E-01  0.0000E+00  1.5862E-01  0.0000E+00  0.0000E+00
  1.6900E+02  2.1666E+00  7.5729E+01  1.5006E+02  1.3978E+01  2.1666E+00  6.5561E+01  1.5006E+02  6.6268E+00  8.4865E+00  5.1403E-01  4.8012E-01  0.0000E+00  1.5292E-01  0.0000E+00  0.0000E+00
  1.7000E+02  2.1666E+00  7.5729E+01  1.5006E+02  1.3978E+01  2.1666E+00  6.5561E+01  1.5006E+02  6.6268E+00  8.4865E+00  5.0171E-01  6.0073E-01  0.0000E+00  1.4758E-01  0.0000E+00  0.0000E+00
  1.7100E+02  2.1666E+00  7.5729E+01  1.5006E+02  1.3978E+01  2.1666E+00  6.5561E+01  1.5006E+02  6.6268E+00  8.4865E+00  4.8997E-01  4.4697E-01  0.0000E+00  1.4252E-01  0.0000E+00  0.0000E+00
  1.0000E+00  5.4164E-01  7.5729E+01  1.5006E+02  1.3978E+01  5.4164E-01  6.0312E+01  1.5006E+02  2.0212E+01  8.4865E+00  0.0000E+00  0.0000E+00  0.0000E+00  0.0000E+00  0.0000E+00  0.0000E+00
  2.0000E+00  5.4164E-01  7.5729E+01  1.5006E+02  1.3978E+01  5.4164E-01  6.0312E+01  1.5006E+02  2.0212E+01  8.4865E+00  0.0000E+00  0.0000E+00  0.0000E+00  0.0000E+00  0.0000E+00  0.0000E+00
  3.0000E+00  5.4164E-01  7.5729E+01  1.5006E+02  1.3978E+01  5.4164E-01  6.0312E+01  1.5006E+02  2.0212E+01  8.4865E+00  1.6226E+00  2.2428E+00  0.0000E+00  1.4163E+00  0.0000E+00  0.0000E+00
  4.0000E+00  5.4164E-01  7.5729E+01  1.5006E+02  1.3978E+01  5.4164E-01  6.0312E+01  1.5006E+02  2.0212E+01  8.4865E+00  1.9627E+00  2.5536E+00  0.0000E+00  1.8846E+00  0.0000E+00  0.0000E+00
  5.0000E+00  5.4164E-01  7.5729E+01  1.5006E+02  1.3978E+01  5.4164E-01  6.0312E+01  1.5006E+02  2.0212E+01  8.4865E+00  1.7910E+00  2.4820E+00  0.0000E+00  1.8979E+00  0.0000E+00  0.0000E+00
  6.0000E+00  5.4164E-01  7.5729E+01  1.5006E+02  1.3978E+01  5.4164E-01  6.0312E+01  1.5006E+02  2.0212E+01  8.4865E+00  1.4646E+00  1.1576E+00  0.0000E+00  1.7166E+00  0.0000E+00  0.0000E+00
  7.0000E+00  5.4164E-01  7.5729E+01  1.5006E+02  1.3978E+01  5.4164E-01  6.0312E+01  1.5006E+02  2.0212E+01  8.4865E+00  1.1355E+00  1.9924E+00  0.0000E+00  1.4729E+00  0.0000E+00  0.0000E+00
  8.0000E+00  5.4164E-01  7.5729E+01  1.5006E+02  1.3978E+01  5.4164E-01  6.0312E+01  1.5006E+02  2.0212E+01  8.4865E+00  8.5812E-01  7.2904E-01  0.0000E+00  1.2299E+00  0.0000E+00  0.0000E+00
  9.0000E+00  5.4164E-01  7.5729E+01  1.5006E+02  1.3978E+01  5.4164E-01  6.0312E+01  1.5006E+02  2.0212E+01  8.4865E+00  6.4339E-01  6.9623E-01  0.0000E+00  1.0141E+00  0.0000E+00  0.0000E+00
  1.0000E+01  5.4164E-01  7.5729E+01  1.5006E+02  1.3978E+01  5.4164E-01  6.0312E+01  1.5006E+02  2.0212E+01  8.4865E+00  4.8503E-01  5.9388E-01  0.0000E+00  8.3369E-01  0.0000E+00  0.0000E+00
  1.1000E+01  5.4164E-01  7.5729E+01  1.5006E+02  1.3978E+01  5.4164E-01  6.0312E+01  1.5006E+02  2.0212E+01  8.4865E+00  3.7163E-01  4.3692E-01  0.0000E+00  6.8804E-01  0.0000E+00  0.0000E+00
  1.2000E+01  5.4164E-01  7.5729E+01  1.5006E+02  1.3978E+01  5.4164E-01  6.0312E+01  1.5006E+02  2.0212E+01  8.4865E+00  2.9187E-01  8.6147E-02  0.0000E+00  5.7293E-01  0.0000E+00  0.0000E+00
  1.3000E+01  5.4164E-01  7.5729E+01  1.5006E+02  1.3978E+01  5.4164E-01  6.0312E+01  1.5006E+02  2.0212E+01  8.4865E+00  2.3625E-01  2.1876E-01  0.0000E+00  4.8311E-01  0.0000E+00  0.0000E+00
  1.4000E+01  5.4164E-01  7.5729E+01  1.5006E+02  1.3978E+01  5.4164E-01  6.0312E+01  1.5006E+02  2.0212E+01  8.4865E+00  1.9750E-01  2.3281E-01  0.0000E+00  4.1349E-01  0.0000E+00  0.0000E+00
  1.5000E+01  5.4164E-01  7.5729E+01  1.5006E+02  1.3978E+01  5.4164E-01  6.0312E+01  1.5006E+02  2.0212E+01  8.4865E+00  1.7033E-01  1.7164E-01  0.0000E+00  3.5963E-01  0.0000E+00  0.0000E+00
  1.6000E+01  5.4164E-01  7.5729E+01  1.5006E+02  1.3978E+01  5.4164E-01  6.0312E+01  1.5006E+02  2.0212E+01  8.4865E+00  1.5100E-01  1.0182E-01  0.0000E+00  3.1786E-01  0.0000E+00  0.0000E+00
  1.7000E+01  5.4164E-01  7.5729E+01  1.5006E+02  1.3978E+01  5.4164E-01  6.0312E+01  1.5006E+02  2.0212E+01  8.4865E+00  1.3691E-01  1.6941E-01  0.0000E+00  2.8527E-01  0.0000E+00  0.0000E+00
  1.8000E+01  5.4164E-01  7.5729E+01  1.5006E+02  1.3978E+01  5.4164E-01  6.0312E+01  1.5006E+02  2.0212E+01  8.4865E+00  1.2633E-01  1.2857E-01  0.0000E+00  2.5961E-01  0.0000E+00  0.0000E+00
  1.9000E+01  5.4164E-01  7.5729E+01  1.5006E+02  1.3978E+01  5.4164E-01  6.0312E+01  1.5006E+02  2.0212E+01  8.4865E+00  1.1809E-01  1.5788E-01  0.0000E+00  2.3916E-01  0.0000E+00  0.0000E+00
  2.0000E+01  5.4164E-01  7.5729E+01  1.5006E+02  1.3978E+01  5.4164E-01  6.0312E+01  1.5006E+02  2.0212E+01  8.4865E+00  1.1142E-01  1.0973E-01  0.0000E+00  2.2260E-01  0.0000E+00  0.0000E+00
  2.1000E+01  5.4164E-01  7.5729E+01  1.5006E+02  1.3978E+01  5.4164E-01  6.0312E+01  1.5006E+02  2.0212E+01  8.4865E+00  1.0580E-01  5.9877E-02  0.0000E+00  2.0896E-01  0.0000E+00  0.0000E+00
  2.2000E+01  5.4164E-01  7.5729E+01  1.5006E+02  1.3978E+01  5.4164E-01  6.0312E+01  1.5006E+02  2.0212E+01  8.4865E+00  1.0092E-01  1.0658E-01  0.0000E+00  1.9751E-01  0.0000E+00  0.0000E+00
  2.3000E+01  5.4164E-01  7.5729E+01  1.5006E+02  1.3978E+01  5.4164E-01  6.0312E+01  1.5006E+02  2.0212E+01  8.4865E+00  9.6554E-02  8.1577E-02  0.0000E+00  1.8772E-01  0.0000E+00  0.0000E+00
  2.4000E+01  5.4164E-01  7.5729E+01  1.5006E+02  1.3978E+01  5.4164E-01  6.0312E+01  1.5006E+02  2.0212E+01  8.4865E+00  9.2561E-02  8.4436E-02  0.0000E+00  1.7918E-01  0.0000E+00  0.0000E+00
  2.5000E+01  5.4164E-01  7.5729E+01  1.5006E+02  1.3978E+01  5.4164E-01  6.0312E+01  1.5006E+02  2.0212E+01  8.4865E+00  8.8851E-02  1.1576E-01  0.0000E+00  1.7160E-01  0.0000E+00  0.0000E+00
  2.6000E+01  5.4164E-01  7.5729E+01  1.5006E+02  1.3978E+01  5.4164E-01  6.0312E+01  1.5006E+02  2.0212E+01  8.4865E+00  8.5365E-02  8.8772E-02  0.0000E+00  1.6477E-01  0.0000E+00  0.0000E+00
  2.7000E+01  5.4164E-01  7.5729E+01  1.5006E+02  1.3978E+01  5.4164E-01  6.0312E+01  1.5006E+02  2.0212E+01  8.4865E+00  8.5365E-02  6.0564E-02  0.0000E+00  1.6477E-01  0.0000E+00  0.0000E+00
  2.8000E+01  5.4164E-01  7.5729E+01  1.5006E+02  1.3978E+01  5.4164E-01  6.0312E+01  1.5006E+02  2.0212E+01  8.4865E+00  8.9337E-01  7.0620E-01  0.0000E+00  8.6665E-01  0.0000E+00  0.0000E+00
  2.9000E+01  5.4164E-01  7.5729E+01  1.5006E+02  1.3978E+01  5.4164E-01  6.0312E+01  1.5006E+02  2.0212E+01  8.4865E+00  1.0603E+00  7.1014E-01  0.0000E+00  1.0950E+00  0.0000E+00  0.0000E+00
  3.0000E+01  5.4164E-01  7.5729E+01  1.5006E+02  1.3978E+01  5.4164E-01  6.0312E+01  1.5006E+02  2.0212E+01  8.4865E+00  9.7144E-01  9.7798E-01  0.0000E+00  1.0963E+00  0.0000E+00  0.0000E+00
  3.1000E+01  5.4164E-01  7.5729E+01  1.5006E+02  1.3978E+01  5.4164E-01  6.0312E+01  1.5006E+02  2.0212E+01  8.4865E+00  8.0535E-01  5.8495E-01  0.0000E+00  1.0005E+00  0.0000E+00  0.0000E+00
  3.2000E+01  5.4164E-01  7.5729E+01  1.5006E+02  1.3978E+01  5.4164E-01  6.0312E+01  1.5006E+02  2.0212E+01  8.4865E+00  6.3803E-01  4.5425E-01  0.0000E+00  8.7386E-01  0.0000E+00  0.0000E+00
  3.3000E+01  5.4164E-01  7.5729E+01  1.5006E+02  1.3978E+01  5.4164E-01  6.0312E+01  1.5006E+02  2.0212E+01  8.4865E+00  4.9668E-01  5.1756E-01  0.0000E+00  7.4775E-01  0.0000E+00  0.0000E+00
  3.4000E+01  5.4164E-01  7.5729E+01  1.5006E+02  1.3978E+01  5.4164E-01  6.0312E+01  1.5006E+02  2.0212E+01  8.4865E+00  3.8677E-01  4.1282E-01  0.0000E+00  6.3547E-01  0.0000E+00  0.0000E+00
  3.5000E+01  5.4164E-01  7.5729E+01  1.5006E+02  1.3978E+01  5.4164E-01  6.0312E+01  1.5006E+02  2.0212E+01  8.4865E+00  3.0513E-01  3.4237E-01  0.0000E+00  5.4104E-01  0.0000E+00  0.0000E+00
  3.6000E+01  5.4164E-01  7.5729E+01  1.5006E+02  1.3978E+01  5.4164E-01  6.0312E+01  1.5006E+02  2.0212E+01  8.4865E+00  2.4608E-01  2.5990E-01  0.0000E+00  4.6416E-01  0.0000E+00  0.0000E+00
  3.7000E+01  5.4164E-01  7.5729E+01  1.5006E+02  1.3978E+01  5.4164E-01  6.0312E+01  1.5006E+02  2.0212E+01  8.4865E+00  2.0392E-01  2.3260E-01  0.0000E+00  4.0270E-01  0.0000E+00  0.0000E+00
  3.8000E+01  5.4164E-01  7.5729E+01  1.5006E+02  1.3978E+01  5.4164E-01  6.0312E+01  1.5006E+02  2.0212E+01  8.4865E+00  1.7393E-01  1.5204E-01  0.0000E+00  3.5403E-01  0.0000E+00  0.0000E+00
  3.9000E+01  5.4164E-01  7.5729E+01  1.5006E+02  1.3978E+01  5.4164E-01  6.0312E+01  1.5006E+02  2.0212E+01  8.4865E+00  1.5246E-01  1.3132E-01  0.0000E+00  3.1559E-01  0.0000E+00  0.0000E+00
  4.0000E+01  5.4164E-01  7.5729E+01  1.5006E+02  1.3978E+01  5.4164E-01  6.0312E+01  1.5006E+02  2.0212E+01  8.4865E+00  1.3685E-01  8.1316E-02  0.0000E+00  2.8515E-01  0.0000E+00  0.0000E+00
  4.1000E+01  5.4164E-01  7.5729E+01  1.5006E+02  1.3978E+01  5.4164E-01  6.0312E+01  1.5006E+02  2.0212E+01  8.4865E+00  1.2524E-01  1.0564E-01  0.0000E+00  2.6088E-01  0.0000E+00  0.0000E+00
  4.2000E+01  5.4164E-01  7.5729E+01  1.5006E+02  1.3978E+01  5.4164E-01  6.0312E+01  1.5006E+02  2.0212E+01  8.4865E+00  1.1632E-01  1.1906E-01  0.0000E+00  2.4131E-01  0.0000E+00  0.0000E+00
  4.3000E+01  5.4164E-01  7.5729E+01  1.5006E+02  1.3978E+01  5.4164E-01  6.0312E+01  1.5006E+02  2.0212E+01  8.4865E+00  1.0923E-01  1.0397E-01  0.0000E+00  2.2531E-01  0.0000E+00  0.0000E+00
  4.4000E+01  5.4164E-01  7.5729E+01  1.5006E+02  1.3978E+01  5.4164E-01  6.0312E+01  1.5006E+02  2.0212E+01  8.4865E+00  1.0338E-01  1.3532E-01  0.0000E+00  2.1202E-01  0.0000E+00  0.0000E+00
  4.5000E+01  5.4164E-01  7.5729E+01  1.5006E+02  1.3978E+01  5.4164E-01  6.0312E+01  1.5006E+02  2.0212E+01  8.4865E+00  9.8370E-02  9.6068E-02  0.0000E+00  2.0077E-01  0.0000E+00  0.0000E+00
  4.6000E+01  5.4164E-01  7.5729E+01  1.5006E+02  1.3978E+01  5.4164E-01  6.0312E+01  1.5006E+02  2.0212E+01  8.4865E+00  9.3958E-02  1.2642E-01  0.0000E+00  1.9108E-01  0.0000E+00  0.0000E+00
  4.7000E+01  5.4164E-01  7.5729E+01  1.5006E+02  1.3978E+01  5.4164E-01  6.0312E+01  1.5006E+02  2.0212E+01  8.4865E+00  8.9972E-02  5.1912E-02  0.0000E+00  1.8258E-01  0.0000E+00  0.0000E+00
  4.8000E+01  5.4164E-01  7.5729E+01  1.5006E+02  1.3978E+01  5.4164E-01  6.0312E+01  1.5006E+02  2.0212E+01  8.4865E+00  8.6301E-02  8.1420E-02  0.0000E+00  1.7500E-01  0.0000E+00  0.0000E+00
  4.9000E+01  5.4164E-01  7.5729E+01  1.5006E+02  1.3978E+01  5.4164E-01  6.0312E+01  1.5006E+02  2.0212E+01  8.4865E+00  8.2873E-02  1.2735E-01  0.0000E+00  1.6813E-01  0.0000E+00  0.0000E+00
  5.0000E+01  5.4164E-01  7.5729E+01  1.5006E+02  1.3978E+01  5.4164E-01  6.0312E+01  1.5006E+02  2.0212E+01  8.4865E+00  7.9641E-02  7.5169E-02  0.0000E+00  1.6183E-01  0.0000E+00  0.0000E+00
  5.1000E+01  5.4164E-01  7.5729E+01  1.5006E+02  1.3978E+01  5.4164E-01  6.0312E+01  1.5006E+02  2.0212E+01  8.4865E+00  7.6573E-02  7.3376E-02  0.0000E+00  1.5597E-01  0.0000E+00  0.0000E+00
  5.2000E+01  5.4164E-01  7.5729E+01  1.5006E+02  1.3978E+01  5.4164E-01  6.0312E+01  1.5006E+02  2.0212E+01  8.4865E+00  8.8495E-01  3.5238E-01  0.0000E+00  8.5862E-01  0.0000E+00  0.0000E+00
  5.3000E+01  5.4164E-01  7.5729E+01  1.5006E+02  1.3978E+01  5.4164E-01  6.0312E+01  1.5006E+02  2.0212E+01  8.4865E+00  1.0522E+00  1.3977E+00  0.0000E+00  1.0876E+00  0.0000E+00  0.0000E+00
  5.4000E+01  5.4164E-01  7.5729E+01  1.5006E+02  1.3978E+01  5.4164E-01  6.0312E+01  1.5006E+02  2.0212E+01  8.4865E+00  9.6369E-01  7.9449E-01  0.0000E+00  1.0894E+00  0.0000E+00  0.0000E+00
  5.5000E+01  5.4164E-01  7.5729E+01  1.5006E+02  1.3978E+01  5.4164E-01  6.0312E+01  1.5006E+02  2.0212E+01  8.4865E+00  7.9791E-01  6.4000E-01  0.0000E+00  9.9401E-01  0.0000E+00  0.0000E+00
  5.6000E+01  5.4164E-01  7.5729E+01  1.5006E+02  1.3978E+01  5.4164E-01  6.0312E+01  1.5006E+02  2.0212E+01  8.4865E+00  6.3087E-01  8.6103E-01  0.0000E+00  8.6769E-01  0.0000E+00  0.0000E+00
  5.7000E+01  5.4164E-01  7.5729E+01  1.5006E+02  1.3978E+01  5.4164E-01  6.0312E+01  1.5006E+02  2.0212E+01  8.4865E+00  4.8979E-01  2.0188E-01  0.0000E+00  7.4188E-01  0.0000E+00  0.0000E+00
  5.8000E+01  5.4164E-01  7.5729E+01  1.5006E+02  1.3978E+01  5.4164E-01  6.0312E+01  1.5006E+02  2.0212E+01  8.4865E+00  3.8014E-01  4.6289E-01  0.0000E+00  6.2985E-01  0.0000E+00  0.0000E+00
  5.9000E+01  5.4164E-01  7.5729E+01  1.5006E+02  1.3978E+01  5.4164E-01  6.0312E+01  1.5006E+02  2.0212E+01  8.4865E+00  2.9876E-01  2.4105E-01  0.0000E+00  5.3566E-01  0.0000E+00  0.0000E+00
  6.0000E+01  5.4164E-01  7.5729E+01  1.5006E+02  1.3978E+01  5.4164E-01  6.0312E+01  1.5006E+02  2.0212E+01  8.4865E+00  2.3994E-01  2.1483E-01  0.0000E+00  4.5899E-01  0.0000E+00  0.0000E+00
  6.1000E+01  5.4164E-01  7.5729E+01  1.5006E+02  1.3978E+01  5.4164E-01  6.0312E+01  1.5006E+02  2.0212E+01  8.4865E+00  1.9802E-01  1.3374E-01  0.0000E+00  3.9772E-01  0.0000E+00  0.0000E+00
  6.2000E+01  5.4164E-01  7.5729E+01  1.5006E+02  1.3978E+01  5.4164E-01  6.0312E+01  1.5006E+02  2.0212E+01  8.4865E+00  1.6825E-01  1.6199E-01  0.0000E+00  3.4923E-01  0.0000E+00  0.0000E+00
  6.3000E+01  5.4164E-01  7.5729E+01  1.5006E+02  1.3978E+01  5.4164E-01  6.0312E+01  1.5006E+02  2.0212E+01  8.4865E+00  1.4699E-01  1.8948E-01  0.0000E+00  3.1096E-01  0.0000E+00  0.0000E+00
  6.4000E+01  5.4164E-01  7.5729E+01  1.5006E+02  1.3978E+01  5.4164E-01  6.0312E+01  1.5006E+02  2.0212E+01  8.4865E+00  1.3159E-01  9.6514E-02  0.0000E+00  2.8068E-01  0.0000E+00  0.0000E+00
  6.5000E+01  5.4164E-01  7.5729E+01  1.5006E+02  1.3978E+01  5.4164E-01  6.0312E+01  1.5006E+02  2.0212E+01  8.4865E+00  1.2017E-01  1.1879E-01  0.0000E+00  2.5655E-01  0.0000E+00  0.0000E+00
  6.6000E+01  5.4164E-01  7.5729E+01  1.5006E+02  1.3978E+01  5.4164E-01  6.0312E+01  1.5006E+02  2.0212E+01  8.4865E+00  1.1145E-01  7.4342E-02  0.0000E+00  2.3713E-01  0.0000E+00  0.0000E+00
  6.7000E+01  5.4164E-01  7.5729E+01  1.5006E+02  1.3978E+01  5.4164E-01  6.0312E+01  1.5006E+02  2.0212E+01  8.4865E+00  1.0454E-01  3.7897E-02  0.0000E+00  2.2127E-01  0.0000E+00  0.0000E+00
  6.8000E+01  5.4164E-01  7.5729E+01  1.5006E+02  1.3978E+01  5.4164E-01  6.0312E+01  1.5006E+02  2.0212E+01  8.4865E+00  9.8863E-02  7.8202E-02  0.0000E+00  2.0811E-01  0.0000E+00  0.0000E+00
  6.9000E+01  5.4164E-01  7.5729E+01  1.5006E+02  1.3978E+01  5.4164E-01  6.0312E+01  1.5006E+02  2.0212E+01  8.4865E+00  9.4028E-02  5.9362E-02  0.0000E+00  1.9699E-01  0.0000E+00  0.0000E+00
  7.0000E+01  5.4164E-01  7.5729E+01  1.5006E+02  1.3978E+01  5.4164E-01  6.0312E+01  1.5006E+02  2.0212E+01  8.4865E+00  8.9780E-02  8.4666E-02  0.0000E+00  1.8742E-01  0.0000E+00  0.0000E+00
  7.1000E+01  5.4164E-01  7.5729E+01  1.5006E+02  1.3978E+01  5.4164E-01  6.0312E+01  1.5006E+02  2.0212E+01  8.4865E+00  8.5951E-02  9.9220E-02  0.0000E+00  1.7904E-01  0.0000E+00  0.0000E+00
  7.2000E+01  5.4164E-01  7.5729E+01  1.5006E+02  1.3978E+01  5.4164E-01  6.0312E+01  1.5006E+02  2.0212E+01  8.4865E+00  8.2431E-02  8.4434E-02  0.0000E+00  1.7157E-01  0.0000E+00  0.0000E+00
  7.3000E+01  5.4164E-01  7.5729E+01  1.5006E+02  1.3978E+01  5.4164E-01  6.0312E+01  1.5006E+02  2.0212E+01  8.4865E+00  7.9149E-02  6.1553E-02  0.0000E+00  1.6482E-01  0.0000E+00  0.0000E+00
  7.4000E+01  5.4164E-01  7.5729E+01  1.5006E+02  1.3978E+01  5.4164E-01  6.0312E+01  1.5006E+02  2.0212E+01  8.4865E+00  7.6057E-02  9.3010E-02  0.0000E+00  1.5862E-01  0.0000E+00  0.0000E+00
  7.5000E+01  5.4164E-01  7.5729E+01  1.5006E+02  1.3978E+01  5.4164E-01  6.0312E+01  1.5006E+02  2.0212E+01  8.4865E+00  7.3124E-02  1.0248E-01  0.0000E+00  1.5287E-01  0.0000E+00  0.0000E+00
  7.6000E+01  5.4164E-01  7.5729E+01  1.5006E+02  1.3978E+01  5.4164E-01  6.0312E+01  1.5006E+02  2.0212E+01  8.4865E+00  8.8163E-01  8.3171E-01  0.0000E+00  8.5561E-01  0.0000E+00  0.0000E+00
  7.7000E+01  5.4164E-01  7.5729E+01  1.5006E+02  1.3978E+01  5.4164E-01  6.0312E+01  1.5006E+02  2.0212E+01  8.4865E+00  1.0490E+00  1.2026E+00  0.0000E+00  1.0847E+00  0.0000E+00  0.0000E+00
  7.8000E+01  5.4164E-01  7.5729E+01  1.5006E+02  1.3978E+01  5.4164E-01  6.0312E+01  1.5006E+02  2.0212E+01  8.4865E+00  9.6061E-01  9.6894E-01  0.0000E+00  1.0865E+00  0.0000E+00  0.0000E+00
  7.9000E+01  5.4164E-01  7.5729E+01  1.5006E+02  1.3978E+01  5.4164E-01  6.0312E+01  1.5006E+02  2.0212E+01  8.4865E+00  7.9495E-01  8.8396E-01  0.0000E+00  9.9129E-01  0.0000E+00  0.0000E+00
  8.0000E+01  5.4164E-01  7.5729E+01  1.5006E+02  1.3978E+01  5.4164E-01  6.0312E+01  1.5006E+02  2.0212E+01  8.4865E+00  6.2802E-01  6.8214E-01  0.0000E+00  8.6505E-01  0.0000E+00  0.0000E+00
  8.1000E+01  5.4164E-01  7.5729E+01  1.5006E+02  1.3978E+01  5.4164E-01  6.0312E+01  1.5006E+02  2.0212E+01  8.4865E+00  4.8705E-01  6.5414E-01  0.0000E+00  7.3932E-01  0.0000E+00  0.0000E+00
  8.2000E+01  5.4164E-01  7.5729E+01  1.5006E+02  1.3978E+01  5.4164E-01  6.0312E+01  1.5006E+02  2.0212E+01  8.4865E+00  3.7750E-01  5.7846E-01  0.0000E+00  6.2738E-01  0.0000E+00  0.0000E+00
  8.3000E+01  5.4164E-01  7.5729E+01  1.5006E+02  1.3978E+01  5.4164E-01  6.0312E+01  1.5006E+02  2.0212E+01  8.4865E+00  2.9622E-01  2.2829E-01  0.0000E+00  5.3326E-01  0.0000E+00  0.0000E+00
  8.4000E+01  5.4164E-01  7.5729E+01  1.5006E+02  1.3978E+01  5.4164E-01  6.0312E+01  1.5006E+02  2.0212E+01  8.4865E+00  2.3750E-01  2.0662E-01  0.0000E+00  4.5667E-01  0.0000E+00  0.0000E+00
  8.5000E+01  5.4164E-01  7.5729E+01  1.5006E+02  1.3978E+01  5.4164E-01  6.0312E+01  1.5006E+02  2.0212E+01  8.4865E+00  1.9567E-01  2.0250E-01  0.0000E+00  3.9548E-01  0.0000E+00  0.0000E+00
  8.6000E+01  5.4164E-01  7.5729E+01  1.5006E+02  1.3978E+01  5.4164E-01  6.0312E+01  1.5006E+02  2.0212E+01  8.4865E+00  1.6599E-01  1.9310E-01  0.0000E+00  3.4706E-01  0.0000E+00  0.0000E+00
  8.7000E+01  5.4164E-01  7.5729E+01  1.5006E+02  1.3978E+01  5.4164E-01  6.0312E+01  1.5006E+02  2.0212E+01  8.4865E+00  1.4482E-01  1.5597E-01  0.0000E+00  3.0886E-01  0.0000E+00  0.0000E+00
  8.8000E+01  5.4164E-01  7.5729E+01  1.5006E+02  1.3978E+01  5.4164E-01  6.0312E+01  1.5006E+02  2.0212E+01  8.4865E+00  1.2950E-01  1.3602E-01  0.0000E+00  2.7864E-01  0.0000E+00  0.0000E+00
  8.9000E+01  5.4164E-01  7.5729E+01  1.5006E+02  1.3978E+01  5.4164E-01  6.0312E+01  1.5006E+02  2.0212E+01  8.4865E+00  1.1816E-01  1.0192E-01  0.0000E+00  2.5458E-01  0.0000E+00  0.0000E+00
  9.0000E+01  5.4164E-01  7.5729E+01  1.5006E+02  1.3978E+01  5.4164E-01  6.0312E+01  1.5006E+02  2.0212E+01  8.4865E+00  1.0951E-01  1.4263E-01  0.0000E+00  2.3522E-01  0.0000E+00  0.0000E+00
  9.1000E+01  5.4164E-01  7.5729E+01  1.5006E+02  1.3978E+01  5.4164E-01  6.0312E+01  1.5006E+02  2.0212E+01  8.4865E+00  1.0267E-01  9.6088E-02  0.0000E+00  2.1942E-01  0.0000E+00  0.0000E+00
  9.2000E+01  5.4164E-01  7.5729E+01  1.5006E+02  1.3978E+01  5.4164E-01  6.0312E+01  1.5006E+02  2.0212E+01  8.4865E+00  9.7067E-02  6.4289E-02  0.0000E+00  2.0632E-01  0.0000E+00  0.0000E+00
  9.3000E+01  5.4164E-01  7.5729E+01  1.5006E+02  1.3978E+01  5.4164E-01  6.0312E+01  1.5006E+02  2.0212E+01  8.4865E+00  9.2299E-02  1.0276E-01  0.0000E+00  1.9526E-01  0.0000E+00  0.0000E+00
  9.4000E+01  5.4164E-01  7.5729E+01  1.5006E+02  1.3978E+01  5.4164E-01  6.0312E+01  1.5006E+02  2.0212E+01  8.4865E+00  8.8116E-02  6.8709E-02  0.0000E+00  1.8575E-01  0.0000E+00  0.0000E+00
  9.5000E+01  5.4164E-01  7.5729E+01  1.5006E+02  1.3978E+01  5.4164E-01  6.0312E+01  1.5006E+02  2.0212E+01  8.4865E+00  8.4349E-02  6.4241E-02  0.0000E+00  1.7742E-01  0.0000E+00  0.0000E+00
  9.6000E+01  5.4164E-01  7.5729E+01  1.5006E+02  1.3978E+01  5.4164E-01  6.0312E+01  1.5006E+02  2.0212E+01  8.4865E+00  8.0890E-02  6.2670E-02  0.0000E+00  1.7001E-01  0.0000E+00  0.0000E+00
  9.7000E+01  5.4164E-01  7.5729E+01  1.5006E+02  1.3978E+01  5.4164E-01  6.0312E+01  1.5006E+02  2.0212E+01  8.4865E+00  7.7666E-02  6.8373E-02  0.0000E+00  1.6330E-01  0.0000E+00  0.0000E+00
  9.8000E+01  5.4164E-01  7.5729E+01  1.5006E+02  1.3978E+01  5.4164E-01  6.0312E+01  1.5006E+02  2.0212E+01  8.4865E+00  7.4630E-02  3.6745E-02  0.0000E+00  1.5715E-01  0.0000E+00  0.0000E+00
  9.9000E+01  5.4164E-01  7.5729E+01  1.5006E+02  1.3978E+01  5.4164E-01  6.0312E+01  1.5006E+02  2.0212E+01  8.4865E+00  7.1750E-02  4.7540E-02  0.0000E+00  1.5144E-01  0.0000E+00  0.0000E+00
  1.0000E+02  5.4164E-01  7.5729E+01  1.5006E+02  1.3978E+01  5.4164E-01  6.0312E+01  1.5006E+02  2.0212E+01  8.4865E+00  8.8031E-01  4.5607E-01  0.0000E+00  8.5424E-01  0.0000E+00  0.0000E+00
  1.0100E+02  5.4164E-01  7.5729E+01  1.5006E+02  1.3978E+01  5.4164E-01  6.0312E+01  1.5006E+02  2.0212E+01  8.4865E+00  1.0477E+00  7.1017E-01  0.0000E+00  1.0834E+00  0.0000E+00  0.0000E+00
  1.0200E+02  5.4164E-01  7.5729E+01  1.5006E+02  1.3978E+01  5.4164E-01  6.0312E+01  1.5006E+02  2.0212E+01  8.4865E+00  9.5939E-01  6.5541E-01  0.0000E+00  1.0853E+00  0.0000E+00  0.0000E+00
  1.0300E+02  5.4164E-01  7.5729E+01  1.5006E+02  1.3978E+01  5.4164E-01  6.0312E+01  1.5006E+02  2.0212E+01  8.4865E+00  7.9377E-01  8.5420E-01  0.0000E+00  9.9004E-01  0.0000E+00  0.0000E+00
  1.0400E+02  5.4164E-01  7.5729E+01  1.5006E+02  1.3978E+01  5.4164E-01  6.0312E+01  1.5006E+02  2.0212E+01  8.4865E+00  6.2689E-01  8.3247E-01  0.0000E+00  8.6384E-01  0.0000E+00  0.0000E+00
  1.0500E+02  5.4164E-01  7.5729E+01  1.5006E+02  1.3978E+01  5.4164E-01  6.0312E+01  1.5006E+02  2.0212E+01  8.4865E+00  4.8596E-01  5.3031E-01  0.0000E+00  7.3815E-01  0.0000E+00  0.0000E+00
  1.0600E+02  5.4164E-01  7.5729E+01  1.5006E+02  1.3978E+01  5.4164E-01  6.0312E+01  1.5006E+02  2.0212E+01  8.4865E+00  3.7645E-01  2.2060E-01  0.0000E+00  6.2625E-01  0.0000E+00  0.0000E+00
  1.0700E+02  5.4164E-01  7.5729E+01  1.5006E+02  1.3978E+01  5.4164E-01  6.0312E+01  1.5006E+02  2.0212E+01  8.4865E+00  2.9521E-01  3.1705E-01  0.0000E+00  5.3217E-01  0.0000E+00  0.0000E+00
  1.0800E+02  5.4164E-01  7.5729E+01  1.5006E+02  1.3978E+01  5.4164E-01  6.0312E+01  1.5006E+02  2.0212E+01  8.4865E+00  2.3653E-01  2.6800E-01  0.0000E+00  4.5561E-01  0.0000E+00  0.0000E+00
  1.0900E+02  5.4164E-01  7.5729E+01  1.5006E+02  1.3978E+01  5.4164E-01  6.0312E+01  1.5006E+02  2.0212E+01  8.4865E+00  1.9473E-01  1.5981E-01  0.0000E+00  3.9445E-01  0.0000E+00  0.0000E+00
  1.1000E+02  5.4164E-01  7.5729E+01  1.5006E+02  1.3978E+01  5.4164E-01  6.0312E+01  1.5006E+02  2.0212E+01  8.4865E+00  1.6509E-01  1.5926E-01  0.0000E+00  3.4607E-01  0.0000E+00  0.0000E+00
  1.1100E+02  5.4164E-01  7.5729E+01  1.5006E+02  1.3978E+01  5.4164E-01  6.0312E+01  1.5006E+02  2.0212E+01  8.4865E+00  1.4395E-01  2.0841E-01  0.0000E+00  3.0789E-01  0.0000E+00  0.0000E+00
  1.1200E+02  5.4164E-01  7.5729E+01  1.5006E+02  1.3978E+01  5.4164E-01  6.0312E+01  1.5006E+02  2.0212E+01  8.4865E+00  1.2866E-01  1.2206E-01  0.0000E+00  2.7771E-01  0.0000E+00  0.0000E+00
  1.1300E+02  5.4164E-01  7.5729E+01  1.5006E+02  1.3978E+01  5.4164E-01  6.0312E+01  1.5006E+02  2.0212E+01  8.4865E+00  1.1736E-01  1.3484E-01  0.0000E+00  2.5368E-01  0.0000E+00  0.0000E+00
  1.1400E+02  5.4164E-01  7.5729E+01  1.5006E+02  1.3978E+01  5.4164E-01  6.0312E+01  1.5006E+02  2.0212E+01  8.4865E+00  1.0874E-01  8.2668E-02  0.0000E+00  2.3435E-01  0.0000E+00  0.0000E+00
  1.1500E+02  5.4164E-01  7.5729E+01  1.5006E+02  1.3978E+01  5.4164E-01  6.0312E+01  1.5006E+02  2.0212E+01  8.4865E+00  1.0193E-01  7.8417E-02  0.0000E+00  2.1858E-01  0.0000E+00  0.0000E+00
  1.1600E+02  5.4164E-01  7.5729E+01  1.5006E+02  1.3978E+01  5.4164E-01  6.0312E+01  1.5006E+02  2.0212E+01  8.4865E+00  9.6351E-02  7.6794E-02  0.0000E+00  2.0550E-01  0.0000E+00  0.0000E+00
  1.1700E+02  5.4164E-01  7.5729E+01  1.5006E+02  1.3978E+01  5.4164E-01  6.0312E+01  1.5006E+02  2.0212E+01  8.4865E+00  9.1611E-02  1.0810E-01  0.0000E+00  1.9447E-01  0.0000E+00  0.0000E+00
  1.1800E+02  5.4164E-01  7.5729E+01  1.5006E+02  1.3978E+01  5.4164E-01  6.0312E+01  1.5006E+02  2.0212E+01  8.4865E+00  8.7453E-02  1.0741E-01  0.0000E+00  1.8499E-01  0.0000E+00  0.0000E+00
  1.1900E+02  5.4164E-01  7.5729E+01  1.5006E+02  1.3978E+01  5.4164E-01  6.0312E+01  1.5006E+02  2.0212E+01  8.4865E+00  8.3712E-02  1.2751E-01  0.0000E+00  1.7668E-01  0.0000E+00  0.0000E+00
  1.2000E+02  5.4164E-01  7.5729E+01  1.5006E+02  1.3978E+01  5.4164E-01  6.0312E+01  1.5006E+02  2.0212E+01  8.4865E+00  8.0276E-02  4.6588E-02  0.0000E+00  1.6929E-01  0.0000E+00  0.0000E+00
  1.2100E+02  5.4164E-01  7.5729E+01  1.5006E+02  1.3978E+01  5.4164E-01  6.0312E+01  1.5006E+02  2.0212E+01  8.4865E+00  7.7076E-02  9.3338E-02  0.0000E+00  1.6260E-01  0.0000E+00  0.0000E+00
  1.2200E+02  5.4164E-01  7.5729E+01  1.5006E+02  1.3978E+01  5.4164E-01  6.0312E+01  1.5006E+02  2.0212E+01  8.4865E+00  7.4062E-02  6.9348E-02  0.0000E+00  1.5647E-01  0.0000E+00  0.0000E+00
  1.2300E+02  5.4164E-01  7.5729E+01  1.5006E+02  1.3978E+01  5.4164E-01  6.0312E+01  1.5006E+02  2.0212E+01  8.4865E+00  7.1203E-02  5.1076E-02  0.0000E+00  1.5079E-01  0.0000E+00  0.0000E+00
  1.2400E+02  5.4164E-01  7.5729E+01  1.5006E+02  1.3978E+01  5.4164E-01  6.0312E+01  1.5006E+02  2.0212E+01  8.4865E+00  8.7978E-01  6.2354E-01  0.0000E+00  8.5361E-01  0.0000E+00  0.0000E+00
  1.2500E+02  5.4164E-01  7.5729E+01  1.5006E+02  1.3978E+01  5.4164E-01  6.0312E+01  1.5006E+02  2.0212E+01  8.4865E+00  1.0472E+00  5.4013E-01  0.0000E+00  1.0828E+00  0.0000E+00  0.0000E+00
  1.2600E+02  5.4164E-01  7.5729E+01  1.5006E+02  1.3978E+01  5.4164E-01  6.0312E+01  1.5006E+02  2.0212E+01  8.4865E+00  9.5890E-01  8.8795E-01  0.0000E+00  1.0847E+00  0.0000E+00  0.0000E+00
  1.2700E+02  5.4164E-01  7.5729E+01  1.5006E+02  1.3978E+01  5.4164E-01  6.0312E+01  1.5006E+02  2.0212E+01  8.4865E+00  7.9330E-01  8.3721E-01  0.0000E+00  9.8947E-01  0.0000E+00  0.0000E+00
  1.2800E+02  5.4164E-01  7.5729E+01  1.5006E+02  1.3978E+01  5.4164E-01  6.0312E+01  1.5006E+02  2.0212E+01  8.4865E+00  6.2644E-01  7.5053E-01  0.0000E+00  8.6329E-01  0.0000E+00  0.0000E+00
  1.2900E+02  5.4164E-01  7.5729E+01  1.5006E+02  1.3978E+01  5.4164E-01  6.0312E+01  1.5006E+02  2.0212E+01  8.4865E+00  4.8553E-01  3.9537E-01  0.0000E+00  7.3762E-01  0.0000E+00  0.0000E+00
  1.3000E+02  5.4164E-01  7.5729E+01  1.5006E+02  1.3978E+01  5.4164E-01  6.0312E+01  1.5006E+02  2.0212E+01  8.4865E+00  3.7604E-01  2.4019E-01  0.0000E+00  6.2573E-01  0.0000E+00  0.0000E+00
  1.3100E+02  5.4164E-01  7.5729E+01  1.5006E+02  1.3978E+01  5.4164E-01  6.0312E+01  1.5006E+02  2.0212E+01  8.4865E+00  2.9481E-01  2.3591E-01  0.0000E+00  5.3167E-01  0.0000E+00  0.0000E+00
  1.3200E+02  5.4164E-01  7.5729E+01  1.5006E+02  1.3978E+01  5.4164E-01  6.0312E+01  1.5006E+02  2.0212E+01  8.4865E+00  2.3614E-01  2.6668E-01  0.0000E+00  4.5512E-01  0.0000E+00  0.0000E+00
  1.3300E+02  5.4164E-01  7.5729E+01  1.5006E+02  1.3978E+01  5.4164E-01  6.0312E+01  1.5006E+02  2.0212E+01  8.4865E+00  1.9436E-01  2.5038E-01  0.0000E+00  3.9398E-01  0.0000E+00  0.0000E+00
  1.3400E+02  5.4164E-01  7.5729E+01  1.5006E+02  1.3978E+01  5.4164E-01  6.0312E+01  1.5006E+02  2.0212E+01  8.4865E+00  1.6473E-01  1.2491E-01  0.0000E+00  3.4561E-01  0.0000E+00  0.0000E+00
  1.3500E+02  5.4164E-01  7.5729E+01  1.5006E+02  1.3978E+01  5.4164E-01  6.0312E+01  1.5006E+02  2.0212E+01  8.4865E+00  1.4360E-01  1.2245E-01  0.0000E+00  3.0745E-01  0.0000E+00  0.0000E+00
  1.3600E+02  5.4164E-01  7.5729E+01  1.5006E+02  1.3978E+01  5.4164E-01  6.0312E+01  1.5006E+02  2.0212E+01  8.4865E+00  1.2833E-01  1.2427E-01  0.0000E+00  2.7728E-01  0.0000E+00  0.0000E+00
  1.3700E+02  5.4164E-01  7.5729E+01  1.5006E+02  1.3978E+01  5.4164E-01  6.0312E+01  1.5006E+02  2.0212E+01  8.4865E+00  1.1704E-01  1.4261E-01  0.0000E+00  2.5327E-01  0.0000E+00  0.0000E+00
  1.3800E+02  5.4164E-01  7.5729E+01  1.5006E+02  1.3978E+01  5.4164E-01  6.0312E+01  1.5006E+02  2.0212E+01  8.4865E+00  1.0843E-01  8.4441E-02  0.0000E+00  2.3395E-01  0.0000E+00  0.0000E+00
  1.3900E+02  5.4164E-01  7.5729E+01  1.5006E+02  1.3978E+01  5.4164E-01  6.0312E+01  1.5006E+02  2.0212E+01  8.4865E+00  1.0163E-01  7.5475E-02  0.0000E+00  2.1819E-01  0.0000E+00  0.0000E+00
  1.4000E+02  5.4164E-01  7.5729E+01  1.5006E+02  1.3978E+01  5.4164E-01  6.0312E+01  1.5006E+02  2.0212E+01  8.4865E+00  9.6066E-02  7.7562E-02  0.0000E+00  2.0513E-01  0.0000E+00  0.0000E+00
  1.4100E+02  5.4164E-01  7.5729E+01  1.5006E+02  1.3978E+01  5.4164E-01  6.0312E+01  1.5006E+02  2.0212E+01  8.4865E+00  9.1336E-02  1.1046E-01  0.0000E+00  1.9411E-01  0.0000E+00  0.0000E+00
  1.4200E+02  5.4164E-01  7.5729E+01  1.5006E+02  1.3978E+01  5.4164E-01  6.0312E+01  1.5006E+02  2.0212E+01  8.4865E+00  8.7189E-02  1.0187E-01  0.0000E+00  1.8464E-01  0.0000E+00  0.0000E+00
  1.4300E+02  5.4164E-01  7.5729E+01  1.5006E+02  1.3978E+01  5.4164E-01  6.0312E+01  1.5006E+02  2.0212E+01  8.4865E+00  8.3458E-02  6.8403E-02  0.0000E+00  1.7634E-01  0.0000E+00  0.0000E+00
  1.4400E+02  5.4164E-01  7.5729E+01  1.5006E+02  1.3978E+01  5.4164E-01  6.0312E+01  1.5006E+02  2.0212E+01  8.4865E+00  8.0032E-02  7.7774E-02  0.0000E+00  1.6896E-01  0.0000E+00  0.0000E+00
  1.4500E+02  5.4164E-01  7.5729E+01  1.5006E+02  1.3978E+01  5.4164E-01  6.0312E+01  1.5006E+02  2.0212E+01  8.4865E+00  7.6840E-02  8.7330E-02  0.0000E+00  1.6229E-01  0.0000E+00  0.0000E+00
  1.4600E+02  5.4164E-01  7.5729E+01  1.5006E+02  1.3978E+01  5.4164E-01  6.0312E+01  1.5006E+02  2.0212E+01  8.4865E+00  7.3835E-02  9.4915E-02  0.0000E+00  1.5617E-01  0.0000E+00  0.0000E+00
  1.4700E+02  5.4164E-01  7.5729E+01  1.5006E+02  1.3978E+01  5.4164E-01  6.0312E+01  1.5006E+02  2.0212E+01  8.4865E+00  7.0986E-02  6.6256E-02  0.0000E+00  1.5050E-01  0.0000E+00  0.0000E+00
  1.4800E+02  5.4164E-01  7.5729E+01  1.5006E+02  1.3978E+01  5.4164E-01  6.0312E+01  1.5006E+02  2.0212E+01  8.4865E+00  8.7957E-01  8.8588E-01  0.0000E+00  8.5332E-01  0.0000E+00  0.0000E+00
  1.4900E+02  5.4164E-01  7.5729E+01  1.5006E+02  1.3978E+01  5.4164E-01  6.0312E+01  1.5006E+02  2.0212E+01  8.4865E+00  1.0470E+00  7.4367E-01  0.0000E+00  1.0825E+00  0.0000E+00  0.0000E+00
  1.5000E+02  5.4164E-01  7.5729E+01  1.5006E+02  1.3978E+01  5.4164E-01  6.0312E+01  1.5006E+02  2.0212E+01  8.4865E+00  9.5871E-01  1.6589E+00  0.0000E+00  1.0844E+00  0.0000E+00  0.0000E+00
  1.5100E+02  5.4164E-01  7.5729E+01  1.5006E+02  1.3978E+01  5.4164E-01  6.0312E+01  1.5006E+02  2.0212E+01  8.4865E+00  7.9311E-01  6.7412E-01  0.0000E+00  9.8921E-01  0.0000E+00  0.0000E+00
  1.5200E+02  5.4164E-01  7.5729E+01  1.5006E+02  1.3978E+01  5.4164E-01  6.0312E+01  1.5006E+02  2.0212E+01  8.4865E+00  6.2626E-01  9.3808E-01  0.0000E+00  8.6303E-01  0.0000E+00  0.0000E+00
  1.5300E+02  5.4164E-01  7.5729E+01  1.5006E+02  1.3978E+01  5.4164E-01  6.0312E+01  1.5006E+02  2.0212E+01  8.4865E+00  4.8535E-01  6.1210E-01  0.0000E+00  7.3737E-01  0.0000E+00  0.0000E+00
  1.5400E+02  5.4164E-01  7.5729E+01  1.5006E+02  1.3978E+01  5.4164E-01  6.0312E+01  1.5006E+02  2.0212E+01  8.4865E+00  3.7587E-01  2.3724E-01  0.0000E+00  6.2549E-01  0.0000E+00  0.0000E+00
  1.5500E+02  5.4164E-01  7.5729E+01  1.5006E+02  1.3978E+01  5.4164E-01  6.0312E+01  1.5006E+02  2.0212E+01  8.4865E+00  2.9465E-01  3.4675E-01  0.0000E+00  5.3144E-01  0.0000E+00  0.0000E+00
  1.5600E+02  5.4164E-01  7.5729E+01  1.5006E+02  1.3978E+01  5.4164E-01  6.0312E+01  1.5006E+02  2.0212E+01  8.4865E+00  2.3599E-01  2.2812E-01  0.0000E+00  4.5490E-01  0.0000E+00  0.0000E+00
  1.5700E+02  5.4164E-01  7.5729E+01  1.5006E+02  1.3978E+01  5.4164E-01  6.0312E+01  1.5006E+02  2.0212E+01  8.4865E+00  1.9421E-01  2.3266E-01  0.0000E+00  3.9377E-01  0.0000E+00  0.0000E+00
  1.5800E+02  5.4164E-01  7.5729E+01  1.5006E+02  1.3978E+01  5.4164E-01  6.0312E+01  1.5006E+02  2.0212E+01  8.4865E+00  1.6459E-01  1.2788E-01  0.0000E+00  3.4540E-01  0.0000E+00  0.0000E+00
  1.5900E+02  5.4164E-01  7.5729E+01  1.5006E+02  1.3978E+01  5.4164E-01  6.0312E+01  1.5006E+02  2.0212E+01  8.4865E+00  1.4347E-01  1.8137E-01  0.0000E+00  3.0725E-01  0.0000E+00  0.0000E+00
  1.6000E+02  5.4164E-01  7.5729E+01  1.5006E+02  1.3978E+01  5.4164E-01  6.0312E+01  1.5006E+02  2.0212E+01  8.4865E+00  1.2820E-01  9.3588E-02  0.0000E+00  2.7709E-01  0.0000E+00  0.0000E+00
  1.6100E+02  5.4164E-01  7.5729E+01  1.5006E+02  1.3978E+01  5.4164E-01  6.0312E+01  1.5006E+02  2.0212E+01  8.4865E+00  1.1691E-01  6.1094E-02  0.0000E+00  2.5308E-01  0.0000E+00  0.0000E+00
  1.6200E+02  5.4164E-01  7.5729E+01  1.5006E+02  1.3978E+01  5.4164E-01  6.0312E+01  1.5006E+02  2.0212E+01  8.4865E+00  1.0831E-01  1.1769E-01  0.0000E+00  2.3377E-01  0.0000E+00  0.0000E+00
  1.6300E+02  5.4164E-01  7.5729E+01  1.5006E+02  1.3978E+01  5.4164E-01  6.0312E+01  1.5006E+02  2.0212E+01  8.4865E+00  1.0152E-01  1.5210E-01  0.0000E+00  2.1802E-01  0.0000E+00  0.0000E+00
  1.6400E+02  5.4164E-01  7.5729E+01  1.5006E+02  1.3978E+01  5.4164E-01  6.0312E+01  1.5006E+02  2.0212E+01  8.4865E+00  9.5953E-02  1.2364E-01  0.0000E+00  2.0496E-01  0.0000E+00  0.0000E+00
  1.6500E+02  5.4164E-01  7.5729E+01  1.5006E+02  1.3978E+01  5.4164E-01  6.0312E+01  1.5006E+02  2.0212E+01  8.4865E+00  9.1227E-02  8.0598E-02  0.0000E+00  1.9394E-01  0.0000E+00  0.0000E+00
  1.6600E+02  5.4164E-01  7.5729E+01  1.5006E+02  1.3978E+01  5.4164E-01  6.0312E+01  1.5006E+02  2.0212E+01  8.4865E+00  8.7084E-02  6.0059E-02  0.0000E+00  1.8447E-01  0.0000E+00  0.0000E+00
  1.6700E+02  5.4164E-01  7.5729E+01  1.5006E+02  1.3978E+01  5.4164E-01  6.0312E+01  1.5006E+02  2.0212E+01  8.4865E+00  8.3357E-02  5.7003E-02  0.0000E+00  1.7619E-01  0.0000E+00  0.0000E+00
  1.6800E+02  5.4164E-01  7.5729E+01  1.5006E+02  1.3978E+01  5.4164E-01  6.0312E+01  1.5006E+02  2.0212E+01  8.4865E+00  7.9935E-02  1.0590E-01  0.0000E+00  1.6881E-01  0.0000E+00  0.0000E+00
  1.6900E+02  5.4164E-01  7.5729E+01  1.5006E+02  1.3978E+01  5.4164E-01  6.0312E+01  1.5006E+02  2.0212E+01  8.4865E+00  7.6747E-02  5.7663E-02  0.0000E+00  1.6214E-01  0.0000E+00  0.0000E+00
  1.7000E+02  5.4164E-01  7.5729E+01  1.5006E+02  1.3978E+01  5.4164E-01  6.0312E+01  1.5006E+02  2.0212E+01  8.4865E+00  7.3745E-02  3.6274E-02  0.0000E+00  1.5603E-01  0.0000E+00  0.0000E+00
  1.7100E+02  5.4164E-01  7.5729E+01  1.5006E+02  1.3978E+01  5.4164E-01  6.0312E+01  1.5006E+02  2.0212E+01  8.4865E+00  7.0899E-02  7.3665E-02  0.0000E+00  1.5036E-01  0.0000E+00  0.0000E+00
  1.0000E+00  2.1666E-01  7.5729E+01  1.5006E+02  1.3978E+01  2.1666E-01  6.9146E+01  1.5006E+02  1.0853E+01  8.4865E+00  0.0000E+00  0.0000E+00  0.0000E+00  0.0000E+00  0.0000E+00  0.0000E+00
  2.0000E+00  2.1666E-01  7.5729E+01  1.5006E+02  1.3978E+01  2.1666E-01  6.9146E+01  1.5006E+02  1.0853E+01  8.4865E+00  0.0000E+00  0.0000E+00  0.0000E+00  0.0000E+00  0.0000E+00  0.0000E+00
  3.0000E+00  2.1666E-01  7.5729E+01  1.5006E+02  1.3978E+01  2.1666E-01  6.9146E+01  1.5006E+02  1.0853E+01  8.4865E+00  7.3441E-01  7.5692E-01  0.0000E+00  6.6491E-01  0.0000E+00  0.0000E+00
  4.0000E+00  2.1666E-01  7.5729E+01  1.5006E+02  1.3978E+01  2.1666E-01  6.9146E+01  1.5006E+02  1.0853E+01  8.4865E+00  1.1510E+00  1.2379E+00  0.0000E+00  1.0332E+00  0.0000E+00  0.0000E+00
  5.0000E+00  2.1666E-01  7.5729E+01  1.5006E+02  1.3978E+01  2.1666E-01  6.9146E+01  1.5006E+02  1.0853E+01  8.4865E+00  1.3573E+00  9.7371E-01  0.0000E+00  1.2081E+00  0.0000E+00  0.0000E+00
  6.0000E+00  2.1666E-01  7.5729E+01  1.5006E+02  1.3978E+01  2.1666E-01  6.9146E+01  1.5006E+02  1.0853E+01  8.4865E+00  1.4279E+00  1.4029E+00  0.0000E+00  1.2600E+00  0.0000E+00  0.0000E+00
  7.0000E+00  2.1666E-01  7.5729E+01  1.5006E+02  1.3978E+01  2.1666E-01  6.9146E+01  1.5006E+02  1.0853E+01  8.4865E+00  1.4141E+00  1.5592E+00  0.0000E+00  1.2369E+00  0.0000E+00  0.0000E+00
  8.0000E+00  2.1666E-01  7.5729E+01  1.5006E+02  1.3978E+01  2.1666E-01  6.9146E+01  1.5006E+02  1.0853E+01  8.4865E+00  1.3504E+00  1.2778E+00  0.0000E+00  1.1708E+00  0.0000E+00  0.0000E+00
  9.0000E+00  2.1666E-01  7.5729E+01  1.5006E+02  1.3978E+01  2.1666E-01  6.9146E+01  1.5006E+02  1.0853E+01  8.4865E+00  1.2600E+00  1.1591E+00  0.0000E+00  1.0826E+00  0.0000E+00  0.0000E+00
  1.0000E+01  2.1666E-01  7.5729E+01  1.5006E+02  1.3978E+01  2.1666E-01  6.9146E+01  1.5006E+02  1.0853E+01  8.4865E+00  1.1579E+00  1.1900E+00  0.0000E+00  9.8582E-01  0.0000E+00  0.0000E+00
  1.1000E+01  2.1666E-01  7.5729E+01  1.5006E+02  1.3978E+01  2.1666E-01  6.9146E+01  1.5006E+02  1.0853E+01  8.4865E+00  1.0538E+00  8.7634E-01  0.0000E+00  8.8878E-01  0.0000E+00  0.0000E+00
  1.2000E+01  2.1666E-01  7.5729E+01  1.5006E+02  1.3978E+01  2.1666E-01  6.9146E+01  1.5006E+02  1.0853E+01  8.4865E+00  9.5329E-01  9.3594E-01  0.0000E+00  7.9639E-01  0.0000E+00  0.0000E+00
  1.3000E+01  2.1666E-01  7.5729E+01  1.5006E+02  1.3978E+01  2.1666E-01  6.9146E+01  1.5006E+02  1.0853E+01  8.4865E+00  8.5972E-01  4.5120E-01  0.0000E+00  7.1128E-01  0.0000E+00  0.0000E+00
  1.4000E+01  2.1666E-01  7.5729E+01  1.5006E+02  1.3978E+01  2.1666E-01  6.9146E+01  1.5006E+02  1.0853E+01  8.4865E+00  7.7464E-01  5.6266E-01  0.0000E+00  6.3460E-01  0.0000E+00  0.0000E+00
  1.5000E+01  2.1666E-01  7.5729E+01  1.5006E+02  1.3978E+01  2.1666E-01  6.9146E+01  1.5006E+02  1.0853E+01  8.4865E+00  6.9855E-01  3.7060E-01  0.0000E+00  5.6659E-01  0.0000E+00  0.0000E+00
  1.6000E+01  2.1666E-01  7.5729E+01  1.5006E+02  1.3978E+01  2.1666E-01  6.9146E+01  1.5006E+02  1.0853E+01  8.4865E+00  6.3131E-01  4.5246E-01  0.0000E+00  5.0693E-01  0.0000E+00  0.0000E+00
  1.7000E+01  2.1666E-01  7.5729E+01  1.5006E+02  1.3978E+01  2.1666E-01  6.9146E+01  1.5006E+02  1.0853E+01  8.4865E+00  5.7237E-01  7.8031E-01  0.0000E+00  4.5502E-01  0.0000E+00  0.0000E+00
  1.8000E+01  2.1666E-01  7.5729E+01  1.5006E+02  1.3978E+01  2.1666E-01  6.9146E+01  1.5006E+02  1.0853E+01  8.4865E+00  5.2101E-01  3.0849E-01  0.0000E+00  4.1008E-01  0.0000E+00  0.0000E+00
  1.9000E+01  2.1666E-01  7.5729E+01  1.5006E+02  1.3978E+01  2.1666E-01  6.9146E+01  1.5006E+02  1.0853E+01  8.4865E+00  4.7641E-01  3.9231E-01  0.0000E+00  3.7130E-01  0.0000E+00  0.0000E+00
  2.0000E+01  2.1666E-01  7.5729E+01  1.5006E+02  1.3978E+01  2.1666E-01  6.9146E+01  1.5006E+02  1.0853E+01  8.4865E+00  4.3776E-01  6.9031E-01  0.0000E+00  3.3790E-01  0.0000E+00  0.0000E+00
  2.1000E+01  2.1666E-01  7.5729E+01  1.5006E+02  1.3978E+01  2.1666E-01  6.9146E+01  1.5006E+02  1.0853E+01  8.4865E+00  4.0426E-01  4.1479E-01  0.0000E+00  3.0914E-01  0.0000E+00  0.0000E+00
  2.2000E+01  2.1666E-01  7.5729E+01  1.5006E+02  1.3978E+01  2.1666E-01  6.9146E+01  1.5006E+02  1.0853E+01  8.4865E+00  3.7521E-01  1.7663E-01  0.0000E+00  2.8433E-01  0.0000E+00  0.0000E+00
  2.3000E+01  2.1666E-01  7.5729E+01  1.5006E+02  1.3978E+01  2.1666E-01  6.9146E+01  1.5006E+02  1.0853E+01  8.4865E+00  3.4995E-01  3.3824E-01  0.0000E+00  2.6290E-01  0.0000E+00  0.0000E+00
  2.4000E+01  2.1666E-01  7.5729E+01  1.5006E+02  1.3978E+01  2.1666E-01  6.9146E+01  1.5006E+02  1.0853E+01  8.4865E+00  3.2792E-01  1.8446E-01  0.0000E+00  2.4431E-01  0.0000E+00  0.0000E+00
  2.5000E+01  2.1666E-01  7.5729E+01  1.5006E+02  1.3978E+01  2.1666E-01  6.9146E+01  1.5006E+02  1.0853E+01  8.4865E+00  3.0863E-01  1.8958E-01  0.0000E+00  2.2813E-01  0.0000E+00  0.0000E+00
  2.6000E+01  2.1666E-01  7.5729E+01  1.5006E+02  1.3978E+01  2.1666E-01  6.9146E+01  1.5006E+02  1.0853E+01  8.4865E+00  2.9165E-01  4.4825E-01  0.0000E+00  2.1396E-01  0.0000E+00  0.0000E+00
  2.7000E+01  2.1666E-01  7.5729E+01  1.5006E+02  1.3978E+01  2.1666E-01  6.9146E+01  1.5006E+02  1.0853E+01  8.4865E+00  2.9165E-01  2.6148E-01  0.0000E+00  2.1396E-01  0.0000E+00  0.0000E+00
  2.8000E+01  2.1666E-01  7.5729E+01  1.5006E+02  1.3978E+01  2.1666E-01  6.9146E+01  1.5006E+02  1.0853E+01  8.4865E+00  6.4382E-01  9.6966E-01  0.0000E+00  5.3395E-01  0.0000E+00  0.0000E+00
  2.9000E+01  2.1666E-01  7.5729E+01  1.5006E+02  1.3978E+01  2.1666E-01  6.9146E+01  1.5006E+02  1.0853E+01  8.4865E+00  8.3871E-01  1.1807E+00  0.0000E+00  7.0707E-01  0.0000E+00  0.0000E+00
  3.0000E+01  2.1666E-01  7.5729E+01  1.5006E+02  1.3978E+01  2.1666E-01  6.9146E+01  1.5006E+02  1.0853E+01  8.4865E+00  9.2986E-01  1.0152E+00  0.0000E+00  7.8464E-01  0.0000E+00  0.0000E+00
  3.1000E+01  2.1666E-01  7.5729E+01  1.5006E+02  1.3978E+01  2.1666E-01  6.9146E+01  1.5006E+02  1.0853E+01  8.4865E+00  9.5434E-01  1.0109E+00  0.0000E+00  8.0178E-01  0.0000E+00  0.0000E+00
  3.2000E+01  2.1666E-01  7.5729E+01  1.5006E+02  1.3978E+01  2.1666E-01  6.9146E+01  1.5006E+02  1.0853E+01  8.4865E+00  9.3757E-01  1.0885E+00  0.0000E+00  7.8226E-01  0.0000E+00  0.0000E+00
  3.3000E+01  2.1666E-01  7.5729E+01  1.5006E+02  1.3978E+01  2.1666E-01  6.9146E+01  1.5006E+02  1.0853E+01  8.4865E+00  8.9671E-01  7.1235E-01  0.0000E+00  7.4194E-01  0.0000E+00  0.0000E+00
  3.4000E+01  2.1666E-01  7.5729E+01  1.5006E+02  1.3978E+01  2.1666E-01  6.9146E+01  1.5006E+02  1.0853E+01  8.4865E+00  8.4321E-01  1.0044E+00  0.0000E+00  6.9119E-01  0.0000E+00  0.0000E+00
  3.5000E+01  2.1666E-01  7.5729E+01  1.5006E+02  1.3978E+01  2.1666E-01  6.9146E+01  1.5006E+02  1.0853E+01  8.4865E+00  7.8450E-01  5.2019E-01  0.0000E+00  6.3667E-01  0.0000E+00  0.0000E+00
  3.6000E+01  2.1666E-01  7.5729E+01  1.5006E+02  1.3978E+01  2.1666E-01  6.9146E+01  1.5006E+02  1.0853E+01  8.4865E+00  7.2526E-01  7.7118E-01  0.0000E+00  5.8247E-01  0.0000E+00  0.0000E+00
  3.7000E+01  2.1666E-01  7.5729E+01  1.5006E+02  1.3978E+01  2.1666E-01  6.9146E+01  1.5006E+02  1.0853E+01  8.4865E+00  6.6831E-01  6.5997E-01  0.0000E+00  5.3099E-01  0.0000E+00  0.0000E+00
  3.8000E+01  2.1666E-01  7.5729E+01  1.5006E+02  1.3978E+01  2.1666E-01  6.9146E+01  1.5006E+02  1.0853E+01  8.4865E+00  6.1520E-01  4.9116E-01  0.0000E+00  4.8347E-01  0.0000E+00  0.0000E+00
  3.9000E+01  2.1666E-01  7.5729E+01  1.5006E+02  1.3978E+01  2.1666E-01  6.9146E+01  1.5006E+02  1.0853E+01  8.4865E+00  5.6668E-01  4.0901E-01  0.0000E+00  4.4046E-01  0.0000E+00  0.0000E+00
  4.0000E+01  2.1666E-01  7.5729E+01  1.5006E+02  1.3978E+01  2.1666E-01  6.9146E+01  1.5006E+02  1.0853E+01  8.4865E+00  5.2296E-01  4.3797E-01  0.0000E+00  4.0205E-01  0.0000E+00  0.0000E+00
  4.1000E+01  2.1666E-01  7.5729E+01  1.5006E+02  1.3978E+01  2.1666E-01  6.9146E+01  1.5006E+02  1.0853E+01  8.4865E+00  4.8394E-01  5.6947E-01  0.0000E+00  3.6805E-01  0.0000E+00  0.0000E+00
  4.2000E+01  2.1666E-01  7.5729E+01  1.5006E+02  1.3978E+01  2.1666E-01  6.9146E+01  1.5006E+02  1.0853E+01  8.4865E+00  4.4931E-01  5.0294E-01  0.0000E+00  3.3812E-01  0.0000E+00  0.0000E+00
  4.3000E+01  2.1666E-01  7.5729E+01  1.5006E+02  1.3978E+01  2.1666E-01  6.9146E+01  1.5006E+02  1.0853E+01  8.4865E+00  4.1868E-01  6.0700E-01  0.0000E+00  3.1186E-01  0.0000E+00  0.0000E+00
  4.4000E+01  2.1666E-01  7.5729E+01  1.5006E+02  1.3978E+01  2.1666E-01  6.9146E+01  1.5006E+02  1.0853E+01  8.4865E+00  3.9164E-01  4.9951E-01  0.0000E+00  2.8886E-01  0.0000E+00  0.0000E+00
  4.5000E+01  2.1666E-01  7.5729E+01  1.5006E+02  1.3978E+01  2.1666E-01  6.9146E+01  1.5006E+02  1.0853E+01  8.4865E+00  3.6774E-01  2.8346E-01  0.0000E+00  2.6870E-01  0.0000E+00  0.0000E+00
  4.6000E+01  2.1666E-01  7.5729E+01  1.5006E+02  1.3978E+01  2.1666E-01  6.9146E+01  1.5006E+02  1.0853E+01  8.4865E+00  3.4660E-01  3.6414E-01  0.0000E+00  2.5099E-01  0.0000E+00  0.0000E+00
  4.7000E+01  2.1666E-01  7.5729E+01  1.5006E+02  1.3978E+01  2.1666E-01  6.9146E+01  1.5006E+02  1.0853E+01  8.4865E+00  3.2783E-01  5.7408E-01  0.0000E+00  2.3540E-01  0.0000E+00  0.0000E+00
  4.8000E+01  2.1666E-01  7.5729E+01  1.5006E+02  1.3978E+01  2.1666E-01  6.9146E+01  1.5006E+02  1.0853E+01  8.4865E+00  3.1111E-01  4.3355E-01  0.0000E+00  2.2161E-01  0.0000E+00  0.0000E+00
  4.9000E+01  2.1666E-01  7.5729E+01  1.5006E+02  1.3978E+01  2.1666E-01  6.9146E+01  1.5006E+02  1.0853E+01  8.4865E+00  2.9614E-01  2.5739E-01  0.0000E+00  2.0936E-01  0.0000E+00  0.0000E+00
  5.0000E+01  2.1666E-01  7.5729E+01  1.5006E+02  1.3978E+01  2.1666E-01  6.9146E+01  1.5006E+02  1.0853E+01  8.4865E+00  2.8266E-01  2.2526E-01  0.0000E+00  1.9842E-01  0.0000E+00  0.0000E+00
  5.1000E+01  2.1666E-01  7.5729E+01  1.5006E+02  1.3978E+01  2.1666E-01  6.9146E+01  1.5006E+02  1.0853E+01  8.4865E+00  2.7046E-01  3.3361E-01  0.0000E+00  1.8859E-01  0.0000E+00  0.0000E+00
  5.2000E+01  2.1666E-01  7.5729E+01  1.5006E+02  1.3978E+01  2.1666E-01  6.9146E+01  1.5006E+02  1.0853E+01  8.4865E+00  6.2656E-01  6.3889E-01  0.0000E+00  5.1216E-01  0.0000E+00  0.0000E+00
  5.3000E+01  2.1666E-01  7.5729E+01  1.5006E+02  1.3978E+01  2.1666E-01  6.9146E+01  1.5006E+02  1.0853E+01  8.4865E+00  8.2466E-01  8.4247E-01  0.0000E+00  6.8824E-01  0.0000E+00  0.0000E+00
  5.4000E+01  2.1666E-01  7.5729E+01  1.5006E+02  1.3978E+01  2.1666E-01  6.9146E+01  1.5006E+02  1.0853E+01  8.4865E+00  9.1844E-01  8.8968E-01  0.0000E+00  7.6827E-01  0.0000E+00  0.0000E+00
  5.5000E+01  2.1666E-01  7.5729E+01  1.5006E+02  1.3978E+01  2.1666E-01  6.9146E+01  1.5006E+02  1.0853E+01  8.4865E+00  9.4507E-01  4.9872E-01  0.0000E+00  7.8744E-01  0.0000E+00  0.0000E+00
  5.6000E+01  2.1666E-01  7.5729E+01  1.5006E+02  1.3978E+01  2.1666E-01  6.9146E+01  1.5006E+02  1.0853E+01  8.4865E+00  9.3004E-01  1.0459E+00  0.0000E+00  7.6960E-01  0.0000E+00  0.0000E+00
  5.7000E+01  2.1666E-01  7.5729E+01  1.5006E+02  1.3978E+01  2.1666E-01  6.9146E+01  1.5006E+02  1.0853E+01  8.4865E+00  8.9061E-01  6.4792E-01  0.0000E+00  7.3068E-01  0.0000E+00  0.0000E+00
  5.8000E+01  2.1666E-01  7.5729E+01  1.5006E+02  1.3978E+01  2.1666E-01  6.9146E+01  1.5006E+02  1.0853E+01  8.4865E+00  8.3826E-01  5.7942E-01  0.0000E+00  6.8110E-01  0.0000E+00  0.0000E+00
  5.9000E+01  2.1666E-01  7.5729E+01  1.5006E+02  1.3978E+01  2.1666E-01  6.9146E+01  1.5006E+02  1.0853E+01  8.4865E+00  7.8049E-01  7.2296E-01  0.0000E+00  6.2756E-01  0.0000E+00  0.0000E+00
  6.0000E+01  2.1666E-01  7.5729E+01  1.5006E+02  1.3978E+01  2.1666E-01  6.9146E+01  1.5006E+02  1.0853E+01  8.4865E+00  7.2202E-01  8.5886E-01  0.0000E+00  5.7419E-01  0.0000E+00  0.0000E+00
  6.1000E+01  2.1666E-01  7.5729E+01  1.5006E+02  1.3978E+01  2.1666E-01  6.9146E+01  1.5006E+02  1.0853E+01  8.4865E+00  6.6568E-01  8.0115E-01  0.0000E+00  5.2339E-01  0.0000E+00  0.0000E+00
  6.2000E+01  2.1666E-01  7.5729E+01  1.5006E+02  1.3978E+01  2.1666E-01  6.9146E+01  1.5006E+02  1.0853E+01  8.4865E+00  6.1308E-01  5.7364E-01  0.0000E+00  4.7647E-01  0.0000E+00  0.0000E+00
  6.3000E+01  2.1666E-01  7.5729E+01  1.5006E+02  1.3978E+01  2.1666E-01  6.9146E+01  1.5006E+02  1.0853E+01  8.4865E+00  5.6497E-01  7.2517E-01  0.0000E+00  4.3397E-01  0.0000E+00  0.0000E+00
  6.4000E+01  2.1666E-01  7.5729E+01  1.5006E+02  1.3978E+01  2.1666E-01  6.9146E+01  1.5006E+02  1.0853E+01  8.4865E+00  5.2158E-01  9.9975E-02  0.0000E+00  3.9599E-01  0.0000E+00  0.0000E+00
  6.5000E+01  2.1666E-01  7.5729E+01  1.5006E+02  1.3978E+01  2.1666E-01  6.9146E+01  1.5006E+02  1.0853E+01  8.4865E+00  4.8282E-01  4.3788E-01  0.0000E+00  3.6237E-01  0.0000E+00  0.0000E+00
  6.6000E+01  2.1666E-01  7.5729E+01  1.5006E+02  1.3978E+01  2.1666E-01  6.9146E+01  1.5006E+02  1.0853E+01  8.4865E+00  4.4840E-01  6.2703E-01  0.0000E+00  3.3277E-01  0.0000E+00  0.0000E+00
  6.7000E+01  2.1666E-01  7.5729E+01  1.5006E+02  1.3978E+01  2.1666E-01  6.9146E+01  1.5006E+02  1.0853E+01  8.4865E+00  4.1795E-01  3.9292E-01  0.0000E+00  3.0681E-01  0.0000E+00  0.0000E+00
  6.8000E+01  2.1666E-01  7.5729E+01  1.5006E+02  1.3978E+01  2.1666E-01  6.9146E+01  1.5006E+02  1.0853E+01  8.4865E+00  3.9105E-01  1.8191E-01  0.0000E+00  2.8406E-01  0.0000E+00  0.0000E+00
  6.9000E+01  2.1666E-01  7.5729E+01  1.5006E+02  1.3978E+01  2.1666E-01  6.9146E+01  1.5006E+02  1.0853E+01  8.4865E+00  3.6727E-01  5.4839E-01  0.0000E+00  2.6413E-01  0.0000E+00  0.0000E+00
  7.0000E+01  2.1666E-01  7.5729E+01  1.5006E+02  1.3978E+01  2.1666E-01  6.9146E+01  1.5006E+02  1.0853E+01  8.4865E+00  3.4622E-01  2.5962E-01  0.0000E+00  2.4663E-01  0.0000E+00  0.0000E+00
  7.1000E+01  2.1666E-01  7.5729E+01  1.5006E+02  1.3978E+01  2.1666E-01  6.9146E+01  1.5006E+02  1.0853E+01  8.4865E+00  3.2752E-01  3.1141E-01  0.0000E+00  2.3123E-01  0.0000E+00  0.0000E+00
  7.2000E+01  2.1666E-01  7.5729E+01  1.5006E+02  1.3978E+01  2.1666E-01  6.9146E+01  1.5006E+02  1.0853E+01  8.4865E+00  3.1086E-01  2.3339E-01  0.0000E+00  2.1762E-01  0.0000E+00  0.0000E+00
  7.3000E+01  2.1666E-01  7.5729E+01  1.5006E+02  1.3978E+01  2.1666E-01  6.9146E+01  1.5006E+02  1.0853E+01  8.4865E+00  2.9594E-01  3.9320E-01  0.0000E+00  2.0553E-01  0.0000E+00  0.0000E+00
  7.4000E+01  2.1666E-01  7.5729E+01  1.5006E+02  1.3978E+01  2.1666E-01  6.9146E+01  1.5006E+02  1.0853E+01  8.4865E+00  2.8250E-01  2.4056E-01  0.0000E+00  1.9474E-01  0.0000E+00  0.0000E+00
  7.5000E+01  2.1666E-01  7.5729E+01  1.5006E+02  1.3978E+01  2.1666E-01  6.9146E+01  1.5006E+02  1.0853E+01  8.4865E+00  2.7033E-01  4.1468E-01  0.0000E+00  1.8505E-01  0.0000E+00  0.0000E+00
  7.6000E+01  2.1666E-01  7.5729E+01  1.5006E+02  1.3978E+01  2.1666E-01  6.9146E+01  1.5006E+02  1.0853E+01  8.4865E+00  6.2645E-01  8.8976E-01  0.0000E+00  5.0875E-01  0.0000E+00  0.0000E+00
  7.7000E+01  2.1666E-01  7.5729E+01  1.5006E+02  1.3978E+01  2.1666E-01  6.9146E+01  1.5006E+02  1.0853E+01  8.4865E+00  8.2458E-01  1.0810E+00  0.0000E+00  6.8495E-01  0.0000E+00  0.0000E+00
  7.8000E+01  2.1666E-01  7.5729E+01  1.5006E+02  1.3978E+01  2.1666E-01  6.9146E+01  1.5006E+02  1.0853E+01  8.4865E+00  9.1837E-01  9.8963E-01  0.0000E+00  7.6509E-01  0.0000E+00  0.0000E+00
  7.9000E+01  2.1666E-01  7.5729E+01  1.5006E+02  1.3978E+01  2.1666E-01  6.9146E+01  1.5006E+02  1.0853E+01  8.4865E+00  9.4501E-01  9.6014E-01  0.0000E+00  7.8438E-01  0.0000E+00  0.0000E+00
  8.0000E+01  2.1666E-01  7.5729E+01  1.5006E+02  1.3978E+01  2.1666E-01  6.9146E+01  1.5006E+02  1.0853E+01  8.4865E+00  9.3000E-01  1.0627E+00  0.0000E+00  7.6665E-01  0.0000E+00  0.0000E+00
  8.1000E+01  2.1666E-01  7.5729E+01  1.5006E+02  1.3978E+01  2.1666E-01  6.9146E+01  1.5006E+02  1.0853E+01  8.4865E+00  8.9057E-01  1.3793E+00  0.0000E+00  7.2782E-01  0.0000E+00  0.0000E+00
  8.2000E+01  2.1666E-01  7.5729E+01  1.5006E+02  1.3978E+01  2.1666E-01  6.9146E+01  1.5006E+02  1.0853E+01  8.4865E+00  8.3824E-01  8.2159E-01  0.0000E+00  6.7834E-01  0.0000E+00  0.0000E+00
  8.3000E+01  2.1666E-01  7.5729E+01  1.5006E+02  1.3978E+01  2.1666E-01  6.9146E+01  1.5006E+02  1.0853E+01  8.4865E+00  7.8047E-01  1.1314E+00  0.0000E+00  6.2489E-01  0.0000E+00  0.0000E+00
  8.4000E+01  2.1666E-01  7.5729E+01  1.5006E+02  1.3978E+01  2.1666E-01  6.9146E+01  1.5006E+02  1.0853E+01  8.4865E+00  7.2200E-01  8.7060E-01  0.0000E+00  5.7161E-01  0.0000E+00  0.0000E+00
  8.5000E+01  2.1666E-01  7.5729E+01  1.5006E+02  1.3978E+01  2.1666E-01  6.9146E+01  1.5006E+02  1.0853E+01  8.4865E+00  6.6567E-01  6.5982E-01  0.0000E+00  5.2090E-01  0.0000E+00  0.0000E+00
  8.6000E+01  2.1666E-01  7.5729E+01  1.5006E+02  1.3978E+01  2.1666E-01  6.9146E+01  1.5006E+02  1.0853E+01  8.4865E+00  6.1307E-01  6.6221E-01  0.0000E+00  4.7406E-01  0.0000E+00  0.0000E+00
  8.7000E+01  2.1666E-01  7.5729E+01  1.5006E+02  1.3978E+01  2.1666E-01  6.9146E+01  1.5006E+02  1.0853E+01  8.4865E+00  5.6496E-01  4.4063E-01  0.0000E+00  4.3164E-01  0.0000E+00  0.0000E+00
  8.8000E+01  2.1666E-01  7.5729E+01  1.5006E+02  1.3978E+01  2.1666E-01  6.9146E+01  1.5006E+02  1.0853E+01  8.4865E+00  5.2157E-01  4.6507E-01  0.0000E+00  3.9374E-01  0.0000E+00  0.0000E+00
  8.9000E+01  2.1666E-01  7.5729E+01  1.5006E+02  1.3978E+01  2.1666E-01  6.9146E+01  1.5006E+02  1.0853E+01  8.4865E+00  4.8281E-01  3.9087E-01  0.0000E+00  3.6019E-01  0.0000E+00  0.0000E+00
  9.0000E+01  2.1666E-01  7.5729E+01  1.5006E+02  1.3978E+01  2.1666E-01  6.9146E+01  1.5006E+02  1.0853E+01  8.4865E+00  4.4840E-01  3.1249E-01  0.0000E+00  3.3066E-01  0.0000E+00  0.0000E+00
  9.1000E+01  2.1666E-01  7.5729E+01  1.5006E+02  1.3978E+01  2.1666E-01  6.9146E+01  1.5006E+02  1.0853E+01  8.4865E+00  4.1795E-01  2.3645E-01  0.0000E+00  3.0476E-01  0.0000E+00  0.0000E+00
  9.2000E+01  2.1666E-01  7.5729E+01  1.5006E+02  1.3978E+01  2.1666E-01  6.9146E+01  1.5006E+02  1.0853E+01  8.4865E+00  3.9105E-01  2.5271E-01  0.0000E+00  2.8208E-01  0.0000E+00  0.0000E+00
  9.3000E+01  2.1666E-01  7.5729E+01  1.5006E+02  1.3978E+01  2.1666E-01  6.9146E+01  1.5006E+02  1.0853E+01  8.4865E+00  3.6727E-01  3.8138E-01  0.0000E+00  2.6221E-01  0.0000E+00  0.0000E+00
  9.4000E+01  2.1666E-01  7.5729E+01  1.5006E+02  1.3978E+01  2.1666E-01  6.9146E+01  1.5006E+02  1.0853E+01  8.4865E+00  3.4622E-01  5.2534E-01  0.0000E+00  2.4478E-01  0.0000E+00  0.0000E+00
  9.5000E+01  2.1666E-01  7.5729E+01  1.5006E+02  1.3978E+01  2.1666E-01  6.9146E+01  1.5006E+02  1.0853E+01  8.4865E+00  3.2752E-01  1.7730E-01  0.0000E+00  2.2944E-01  0.0000E+00  0.0000E+00
  9.6000E+01  2.1666E-01  7.5729E+01  1.5006E+02  1.3978E+01  2.1666E-01  6.9146E+01  1.5006E+02  1.0853E+01  8.4865E+00  3.1086E-01  2.9954E-01  0.0000E+00  2.1588E-01  0.0000E+00  0.0000E+00
  9.7000E+01  2.1666E-01  7.5729E+01  1.5006E+02  1.3978E+01  2.1666E-01  6.9146E+01  1.5006E+02  1.0853E+01  8.4865E+00  2.9594E-01  2.5949E-01  0.0000E+00  2.0385E-01  0.0000E+00  0.0000E+00
  9.8000E+01  2.1666E-01  7.5729E+01  1.5006E+02  1.3978E+01  2.1666E-01  6.9146E+01  1.5006E+02  1.0853E+01  8.4865E+00  2.8250E-01  2.8785E-01  0.0000E+00  1.9311E-01  0.0000E+00  0.0000E+00
  9.9000E+01  2.1666E-01  7.5729E+01  1.5006E+02  1.3978E+01  2.1666E-01  6.9146E+01  1.5006E+02  1.0853E+01  8.4865E+00  2.7033E-01  3.5604E-01  0.0000E+00  1.8348E-01  0.0000E+00  0.0000E+00
  1.0000E+02  2.1666E-01  7.5729E+01  1.5006E+02  1.3978E+01  2.1666E-01  6.9146E+01  1.5006E+02  1.0853E+01  8.4865E+00  6.2646E-01  4.4694E-01  0.0000E+00  5.0723E-01  0.0000E+00  0.0000E+00
  1.0100E+02  2.1666E-01  7.5729E+01  1.5006E+02  1.3978E+01  2.1666E-01  6.9146E+01  1.5006E+02  1.0853E+01  8.4865E+00  8.2458E-01  6.4367E-01  0.0000E+00  6.8348E-01  0.0000E+00  0.0000E+00
  1.0200E+02  2.1666E-01  7.5729E+01  1.5006E+02  1.3978E+01  2.1666E-01  6.9146E+01  1.5006E+02  1.0853E+01  8.4865E+00  9.1837E-01  1.0608E+00  0.0000E+00  7.6367E-01  0.0000E+00  0.0000E+00
  1.0300E+02  2.1666E-01  7.5729E+01  1.5006E+02  1.3978E+01  2.1666E-01  6.9146E+01  1.5006E+02  1.0853E+01  8.4865E+00  9.4501E-01  9.8743E-01  0.0000E+00  7.8300E-01  0.0000E+00  0.0000E+00
  1.0400E+02  2.1666E-01  7.5729E+01  1.5006E+02  1.3978E+01  2.1666E-01  6.9146E+01  1.5006E+02  1.0853E+01  8.4865E+00  9.3000E-01  8.6727E-01  0.0000E+00  7.6531E-01  0.0000E+00  0.0000E+00
  1.0500E+02  2.1666E-01  7.5729E+01  1.5006E+02  1.3978E+01  2.1666E-01  6.9146E+01  1.5006E+02  1.0853E+01  8.4865E+00  8.9057E-01  1.4540E+00  0.0000E+00  7.2653E-01  0.0000E+00  0.0000E+00
  1.0600E+02  2.1666E-01  7.5729E+01  1.5006E+02  1.3978E+01  2.1666E-01  6.9146E+01  1.5006E+02  1.0853E+01  8.4865E+00  8.3824E-01  1.1499E+00  0.0000E+00  6.7709E-01  0.0000E+00  0.0000E+00
  1.0700E+02  2.1666E-01  7.5729E+01  1.5006E+02  1.3978E+01  2.1666E-01  6.9146E+01  1.5006E+02  1.0853E+01  8.4865E+00  7.8047E-01  8.8386E-01  0.0000E+00  6.2368E-01  0.0000E+00  0.0000E+00
  1.0800E+02  2.1666E-01  7.5729E+01  1.5006E+02  1.3978E+01  2.1666E-01  6.9146E+01  1.5006E+02  1.0853E+01  8.4865E+00  7.2200E-01  1.1338E+00  0.0000E+00  5.7043E-01  0.0000E+00  0.0000E+00
  1.0900E+02  2.1666E-01  7.5729E+01  1.5006E+02  1.3978E+01  2.1666E-01  6.9146E+01  1.5006E+02  1.0853E+01  8.4865E+00  6.6567E-01  7.0464E-01  0.0000E+00  5.1976E-01  0.0000E+00  0.0000E+00
  1.1000E+02  2.1666E-01  7.5729E+01  1.5006E+02  1.3978E+01  2.1666E-01  6.9146E+01  1.5006E+02  1.0853E+01  8.4865E+00  6.1307E-01  6.4833E-01  0.0000E+00  4.7296E-01  0.0000E+00  0.0000E+00
  1.1100E+02  2.1666E-01  7.5729E+01  1.5006E+02  1.3978E+01  2.1666E-01  6.9146E+01  1.5006E+02  1.0853E+01  8.4865E+00  5.6496E-01  8.4650E-01  0.0000E+00  4.3057E-01  0.0000E+00  0.0000E+00
  1.1200E+02  2.1666E-01  7.5729E+01  1.5006E+02  1.3978E+01  2.1666E-01  6.9146E+01  1.5006E+02  1.0853E+01  8.4865E+00  5.2157E-01  4.2689E-01  0.0000E+00  3.9271E-01  0.0000E+00  0.0000E+00
  1.1300E+02  2.1666E-01  7.5729E+01  1.5006E+02  1.3978E+01  2.1666E-01  6.9146E+01  1.5006E+02  1.0853E+01  8.4865E+00  4.8281E-01  3.0436E-01  0.0000E+00  3.5919E-01  0.0000E+00  0.0000E+00
  1.1400E+02  2.1666E-01  7.5729E+01  1.5006E+02  1.3978E+01  2.1666E-01  6.9146E+01  1.5006E+02  1.0853E+01  8.4865E+00  4.4840E-01  4.4816E-01  0.0000E+00  3.2969E-01  0.0000E+00  0.0000E+00
  1.1500E+02  2.1666E-01  7.5729E+01  1.5006E+02  1.3978E+01  2.1666E-01  6.9146E+01  1.5006E+02  1.0853E+01  8.4865E+00  4.1795E-01  5.0447E-01  0.0000E+00  3.0383E-01  0.0000E+00  0.0000E+00
  1.1600E+02  2.1666E-01  7.5729E+01  1.5006E+02  1.3978E+01  2.1666E-01  6.9146E+01  1.5006E+02  1.0853E+01  8.4865E+00  3.9105E-01  3.9276E-01  0.0000E+00  2.8118E-01  0.0000E+00  0.0000E+00
  1.1700E+02  2.1666E-01  7.5729E+01  1.5006E+02  1.3978E+01  2.1666E-01  6.9146E+01  1.5006E+02  1.0853E+01  8.4865E+00  3.6727E-01  3.6419E-01  0.0000E+00  2.6134E-01  0.0000E+00  0.0000E+00
  1.1800E+02  2.1666E-01  7.5729E+01  1.5006E+02  1.3978E+01  2.1666E-01  6.9146E+01  1.5006E+02  1.0853E+01  8.4865E+00  3.4622E-01  2.6243E-01  0.0000E+00  2.4393E-01  0.0000E+00  0.0000E+00
  1.1900E+02  2.1666E-01  7.5729E+01  1.5006E+02  1.3978E+01  2.1666E-01  6.9146E+01  1.5006E+02  1.0853E+01  8.4865E+00  3.2752E-01  2.7679E-01  0.0000E+00  2.2862E-01  0.0000E+00  0.0000E+00
  1.2000E+02  2.1666E-01  7.5729E+01  1.5006E+02  1.3978E+01  2.1666E-01  6.9146E+01  1.5006E+02  1.0853E+01  8.4865E+00  3.1086E-01  1.9357E-01  0.0000E+00  2.1509E-01  0.0000E+00  0.0000E+00
  1.2100E+02  2.1666E-01  7.5729E+01  1.5006E+02  1.3978E+01  2.1666E-01  6.9146E+01  1.5006E+02  1.0853E+01  8.4865E+00  2.9594E-01  1.3782E-01  0.0000E+00  2.0308E-01  0.0000E+00  0.0000E+00
  1.2200E+02  2.1666E-01  7.5729E+01  1.5006E+02  1.3978E+01  2.1666E-01  6.9146E+01  1.5006E+02  1.0853E+01  8.4865E+00  2.8250E-01  2.2151E-01  0.0000E+00  1.9237E-01  0.0000E+00  0.0000E+00
  1.2300E+02  2.1666E-01  7.5729E+01  1.5006E+02  1.3978E+01  2.1666E-01  6.9146E+01  1.5006E+02  1.0853E+01  8.4865E+00  2.7033E-01  2.6085E-01  0.0000E+00  1.8276E-01  0.0000E+00  0.0000E+00
  1.2400E+02  2.1666E-01  7.5729E+01  1.5006E+02  1.3978E+01  2.1666E-01  6.9146E+01  1.5006E+02  1.0853E+01  8.4865E+00  6.2646E-01  6.5305E-01  0.0000E+00  5.0653E-01  0.0000E+00  0.0000E+00
  1.2500E+02  2.1666E-01  7.5729E+01  1.5006E+02  1.3978E+01  2.1666E-01  6.9146E+01  1.5006E+02  1.0853E+01  8.4865E+00  8.2458E-01  8.6591E-01  0.0000E+00  6.8281E-01  0.0000E+00  0.0000E+00
  1.2600E+02  2.1666E-01  7.5729E+01  1.5006E+02  1.3978E+01  2.1666E-01  6.9146E+01  1.5006E+02  1.0853E+01  8.4865E+00  9.1837E-01  7.4178E-01  0.0000E+00  7.6301E-01  0.0000E+00  0.0000E+00
  1.2700E+02  2.1666E-01  7.5729E+01  1.5006E+02  1.3978E+01  2.1666E-01  6.9146E+01  1.5006E+02  1.0853E+01  8.4865E+00  9.4501E-01  1.0964E+00  0.0000E+00  7.8237E-01  0.0000E+00  0.0000E+00
  1.2800E+02  2.1666E-01  7.5729E+01  1.5006E+02  1.3978E+01  2.1666E-01  6.9146E+01  1.5006E+02  1.0853E+01  8.4865E+00  9.3000E-01  1.0588E+00  0.0000E+00  7.6470E-01  0.0000E+00  0.0000E+00
  1.2900E+02  2.1666E-01  7.5729E+01  1.5006E+02  1.3978E+01  2.1666E-01  6.9146E+01  1.5006E+02  1.0853E+01  8.4865E+00  8.9057E-01  7.5521E-01  0.0000E+00  7.2594E-01  0.0000E+00  0.0000E+00
  1.3000E+02  2.1666E-01  7.5729E+01  1.5006E+02  1.3978E+01  2.1666E-01  6.9146E+01  1.5006E+02  1.0853E+01  8.4865E+00  8.3824E-01  5.6466E-01  0.0000E+00  6.7652E-01  0.0000E+00  0.0000E+00
  1.3100E+02  2.1666E-01  7.5729E+01  1.5006E+02  1.3978E+01  2.1666E-01  6.9146E+01  1.5006E+02  1.0853E+01  8.4865E+00  7.8047E-01  5.0283E-01  0.0000E+00  6.2313E-01  0.0000E+00  0.0000E+00
  1.3200E+02  2.1666E-01  7.5729E+01  1.5006E+02  1.3978E+01  2.1666E-01  6.9146E+01  1.5006E+02  1.0853E+01  8.4865E+00  7.2200E-01  8.1446E-01  0.0000E+00  5.6990E-01  0.0000E+00  0.0000E+00
  1.3300E+02  2.1666E-01  7.5729E+01  1.5006E+02  1.3978E+01  2.1666E-01  6.9146E+01  1.5006E+02  1.0853E+01  8.4865E+00  6.6567E-01  5.5794E-01  0.0000E+00  5.1925E-01  0.0000E+00  0.0000E+00
  1.3400E+02  2.1666E-01  7.5729E+01  1.5006E+02  1.3978E+01  2.1666E-01  6.9146E+01  1.5006E+02  1.0853E+01  8.4865E+00  6.1307E-01  5.5023E-01  0.0000E+00  4.7246E-01  0.0000E+00  0.0000E+00
  1.3500E+02  2.1666E-01  7.5729E+01  1.5006E+02  1.3978E+01  2.1666E-01  6.9146E+01  1.5006E+02  1.0853E+01  8.4865E+00  5.6496E-01  6.2307E-01  0.0000E+00  4.3009E-01  0.0000E+00  0.0000E+00
  1.3600E+02  2.1666E-01  7.5729E+01  1.5006E+02  1.3978E+01  2.1666E-01  6.9146E+01  1.5006E+02  1.0853E+01  8.4865E+00  5.2157E-01  5.9283E-01  0.0000E+00  3.9224E-01  0.0000E+00  0.0000E+00
  1.3700E+02  2.1666E-01  7.5729E+01  1.5006E+02  1.3978E+01  2.1666E-01  6.9146E+01  1.5006E+02  1.0853E+01  8.4865E+00  4.8281E-01  2.4455E-01  0.0000E+00  3.5873E-01  0.0000E+00  0.0000E+00
  1.3800E+02  2.1666E-01  7.5729E+01  1.5006E+02  1.3978E+01  2.1666E-01  6.9146E+01  1.5006E+02  1.0853E+01  8.4865E+00  4.4840E-01  6.2067E-01  0.0000E+00  3.2925E-01  0.0000E+00  0.0000E+00
  1.3900E+02  2.1666E-01  7.5729E+01  1.5006E+02  1.3978E+01  2.1666E-01  6.9146E+01  1.5006E+02  1.0853E+01  8.4865E+00  4.1795E-01  4.5617E-01  0.0000E+00  3.0340E-01  0.0000E+00  0.0000E+00
  1.4000E+02  2.1666E-01  7.5729E+01  1.5006E+02  1.3978E+01  2.1666E-01  6.9146E+01  1.5006E+02  1.0853E+01  8.4865E+00  3.9105E-01  3.3635E-01  0.0000E+00  2.8076E-01  0.0000E+00  0.0000E+00
  1.4100E+02  2.1666E-01  7.5729E+01  1.5006E+02  1.3978E+01  2.1666E-01  6.9146E+01  1.5006E+02  1.0853E+01  8.4865E+00  3.6727E-01  4.6385E-01  0.0000E+00  2.6094E-01  0.0000E+00  0.0000E+00
  1.4200E+02  2.1666E-01  7.5729E+01  1.5006E+02  1.3978E+01  2.1666E-01  6.9146E+01  1.5006E+02  1.0853E+01  8.4865E+00  3.4622E-01  4.4477E-01  0.0000E+00  2.4354E-01  0.0000E+00  0.0000E+00
  1.4300E+02  2.1666E-01  7.5729E+01  1.5006E+02  1.3978E+01  2.1666E-01  6.9146E+01  1.5006E+02  1.0853E+01  8.4865E+00  3.2752E-01  2.5319E-01  0.0000E+00  2.2824E-01  0.0000E+00  0.0000E+00
  1.4400E+02  2.1666E-01  7.5729E+01  1.5006E+02  1.3978E+01  2.1666E-01  6.9146E+01  1.5006E+02  1.0853E+01  8.4865E+00  3.1086E-01  3.4770E-01  0.0000E+00  2.1472E-01  0.0000E+00  0.0000E+00
  1.4500E+02  2.1666E-01  7.5729E+01  1.5006E+02  1.3978E+01  2.1666E-01  6.9146E+01  1.5006E+02  1.0853E+01  8.4865E+00  2.9594E-01  4.5354E-01  0.0000E+00  2.0273E-01  0.0000E+00  0.0000E+00
  1.4600E+02  2.1666E-01  7.5729E+01  1.5006E+02  1.3978E+01  2.1666E-01  6.9146E+01  1.5006E+02  1.0853E+01  8.4865E+00  2.8250E-01  3.4005E-01  0.0000E+00  1.9203E-01  0.0000E+00  0.0000E+00
  1.4700E+02  2.1666E-01  7.5729E+01  1.5006E+02  1.3978E+01  2.1666E-01  6.9146E+01  1.5006E+02  1.0853E+01  8.4865E+00  2.7033E-01  4.2555E-01  0.0000E+00  1.8243E-01  0.0000E+00  0.0000E+00
  1.4800E+02  2.1666E-01  7.5729E+01  1.5006E+02  1.3978E+01  2.1666E-01  6.9146E+01  1.5006E+02  1.0853E+01  8.4865E+00  6.2646E-01  6.7131E-01  0.0000E+00  5.0621E-01  0.0000E+00  0.0000E+00
  1.4900E+02  2.1666E-01  7.5729E+01  1.5006E+02  1.3978E+01  2.1666E-01  6.9146E+01  1.5006E+02  1.0853E+01  8.4865E+00  8.2458E-01  1.0075E+00  0.0000E+00  6.8250E-01  0.0000E+00  0.0000E+00
  1.5000E+02  2.1666E-01  7.5729E+01  1.5006E+02  1.3978E+01  2.1666E-01  6.9146E+01  1.5006E+02  1.0853E+01  8.4865E+00  9.1837E-01  1.0565E+00  0.0000E+00  7.6272E-01  0.0000E+00  0.0000E+00
  1.5100E+02  2.1666E-01  7.5729E+01  1.5006E+02  1.3978E+01  2.1666E-01  6.9146E+01  1.5006E+02  1.0853E+01  8.4865E+00  9.4501E-01  1.0388E+00  0.0000E+00  7.8208E-01  0.0000E+00  0.0000E+00
  1.5200E+02  2.1666E-01  7.5729E+01  1.5006E+02  1.3978E+01  2.1666E-01  6.9146E+01  1.5006E+02  1.0853E+01  8.4865E+00  9.3000E-01  1.0452E+00  0.0000E+00  7.6442E-01  0.0000E+00  0.0000E+00
  1.5300E+02  2.1666E-01  7.5729E+01  1.5006E+02  1.3978E+01  2.1666E-01  6.9146E+01  1.5006E+02  1.0853E+01  8.4865E+00  8.9057E-01  6.4421E-01  0.0000E+00  7.2566E-01  0.0000E+00  0.0000E+00
  1.5400E+02  2.1666E-01  7.5729E+01  1.5006E+02  1.3978E+01  2.1666E-01  6.9146E+01  1.5006E+02  1.0853E+01  8.4865E+00  8.3824E-01  8.9538E-01  0.0000E+00  6.7625E-01  0.0000E+00  0.0000E+00
  1.5500E+02  2.1666E-01  7.5729E+01  1.5006E+02  1.3978E+01  2.1666E-01  6.9146E+01  1.5006E+02  1.0853E+01  8.4865E+00  7.8047E-01  1.2055E+00  0.0000E+00  6.2287E-01  0.0000E+00  0.0000E+00
  1.5600E+02  2.1666E-01  7.5729E+01  1.5006E+02  1.3978E+01  2.1666E-01  6.9146E+01  1.5006E+02  1.0853E+01  8.4865E+00  7.2200E-01  5.2033E-01  0.0000E+00  5.6965E-01  0.0000E+00  0.0000E+00
  1.5700E+02  2.1666E-01  7.5729E+01  1.5006E+02  1.3978E+01  2.1666E-01  6.9146E+01  1.5006E+02  1.0853E+01  8.4865E+00  6.6567E-01  7.8904E-01  0.0000E+00  5.1901E-01  0.0000E+00  0.0000E+00
  1.5800E+02  2.1666E-01  7.5729E+01  1.5006E+02  1.3978E+01  2.1666E-01  6.9146E+01  1.5006E+02  1.0853E+01  8.4865E+00  6.1307E-01  8.8028E-01  0.0000E+00  4.7223E-01  0.0000E+00  0.0000E+00
  1.5900E+02  2.1666E-01  7.5729E+01  1.5006E+02  1.3978E+01  2.1666E-01  6.9146E+01  1.5006E+02  1.0853E+01  8.4865E+00  5.6496E-01  5.3289E-01  0.0000E+00  4.2986E-01  0.0000E+00  0.0000E+00
  1.6000E+02  2.1666E-01  7.5729E+01  1.5006E+02  1.3978E+01  2.1666E-01  6.9146E+01  1.5006E+02  1.0853E+01  8.4865E+00  5.2157E-01  5.3649E-01  0.0000E+00  3.9202E-01  0.0000E+00  0.0000E+00
  1.6100E+02  2.1666E-01  7.5729E+01  1.5006E+02  1.3978E+01  2.1666E-01  6.9146E+01  1.5006E+02  1.0853E+01  8.4865E+00  4.8281E-01  3.5129E-01  0.0000E+00  3.5852E-01  0.0000E+00  0.0000E+00
  1.6200E+02  2.1666E-01  7.5729E+01  1.5006E+02  1.3978E+01  2.1666E-01  6.9146E+01  1.5006E+02  1.0853E+01  8.4865E+00  4.4840E-01  3.2101E-01  0.0000E+00  3.2905E-01  0.0000E+00  0.0000E+00
  1.6300E+02  2.1666E-01  7.5729E+01  1.5006E+02  1.3978E+01  2.1666E-01  6.9146E+01  1.5006E+02  1.0853E+01  8.4865E+00  4.1795E-01  2.7522E-01  0.0000E+00  3.0320E-01  0.0000E+00  0.0000E+00
  1.6400E+02  2.1666E-01  7.5729E+01  1.5006E+02  1.3978E+01  2.1666E-01  6.9146E+01  1.5006E+02  1.0853E+01  8.4865E+00  3.9105E-01  3.1878E-01  0.0000E+00  2.8057E-01  0.0000E+00  0.0000E+00
  1.6500E+02  2.1666E-01  7.5729E+01  1.5006E+02  1.3978E+01  2.1666E-01  6.9146E+01  1.5006E+02  1.0853E+01  8.4865E+00  3.6727E-01  5.5396E-01  0.0000E+00  2.6075E-01  0.0000E+00  0.0000E+00
  1.6600E+02  2.1666E-01  7.5729E+01  1.5006E+02  1.3978E+01  2.1666E-01  6.9146E+01  1.5006E+02  1.0853E+01  8.4865E+00  3.4622E-01  3.4024E-01  0.0000E+00  2.4337E-01  0.0000E+00  0.0000E+00
  1.6700E+02  2.1666E-01  7.5729E+01  1.5006E+02  1.3978E+01  2.1666E-01  6.9146E+01  1.5006E+02  1.0853E+01  8.4865E+00  3.2752E-01  3.5253E-01  0.0000E+00  2.2807E-01  0.0000E+00  0.0000E+00
  1.6800E+02  2.1666E-01  7.5729E+01  1.5006E+02  1.3978E+01  2.1666E-01  6.9146E+01  1.5006E+02  1.0853E+01  8.4865E+00  3.1086E-01  3.1472E-01  0.0000E+00  2.1456E-01  0.0000E+00  0.0000E+00
  1.6900E+02  2.1666E-01  7.5729E+01  1.5006E+02  1.3978E+01  2.1666E-01  6.9146E+01  1.5006E+02  1.0853E+01  8.4865E+00  2.9594E-01  1.9130E-01  0.0000E+00  2.0257E-01  0.0000E+00  0.0000E+00
  1.7000E+02  2.1666E-01  7.5729E+01  1.5006E+02  1.3978E+01  2.1666E-01  6.9146E+01  1.5006E+02  1.0853E+01  8.4865E+00  2.8250E-01  2.0135E-01  0.0000E+00  1.9187E-01  0.0000E+00  0.0000E+00
  1.7100E+02  2.1666E-01  7.5729E+01  1.5006E+02  1.3978E+01  2.1666E-01  6.9146E+01  1.5006E+02  1.0853E+01  8.4865E+00  2.7033E-01  3.2345E-01  0.0000E+00  1.8228E-01  0.0000E+00  0.0000E+00
