TABLE NO.  1
 ROW         TVKA        TVV2        TVV3        TVCL        KA          V2          V3          CL          Q           IPRED       Y           DV          PRED        RES         WRES
  1.0000E+00  2.1666E+00  7.5729E+01  1.5006E+02  1.3978E+01  2.1666E+00  9.0741E+01  1.5006E+02  1.3205E+01  8.4865E+00  0.0000E+00  0.0000E+00  0.0000E+00  0.0000E+00  0.0000E+00  0.0000E+00
  2.0000E+00  2.1666E+00  7.5729E+01  1.5006E+02  1.3978E+01  2.1666E+00  9.0741E+01  1.5006E+02  1.3205E+01  8.4865E+00  0.0000E+00  0.0000E+00  0.0000E+00  0.0000E+00  0.0000E+00  0.0000E+00
  3.0000E+00  2.1666E+00  7.5729E+01  1.5006E+02  1.3978E+01  2.1666E+00  9.0741E+01  1.5006E+02  1.3205E+01  8.4865E+00  2.5037E+00  1.6011E+00  0.0000E+00  2.8907E+00  0.0000E+00  0.0000E+00
  4.0000E+00  2.1666E+00  7.5729E+01  1.5006E+02  1.3978E+01  2.1666E+00  9.0741E+01  1.5006E+02  1.3205E+01  8.4865E+00  2.2717E+00  9.1225E-01  0.0000E+00  2.4982E+00  0.0000E+00  0.0000E+00
  5.0000E+00  2.1666E+00  7.5729E+01  1.5006E+02  1.3978E+01  2.1666E+00  9.0741E+01  1.5006E+02  1.3205E+01  8.4865E+00  1.8450E+00  1.4953E+00  0.0000E+00  1.9258E+00  0.0000E+00  0.0000E+00
  6.0000E+00  2.1666E+00  7.5729E+01  1.5006E+02  1.3978E+01  2.1666E+00  9.0741E+01  1.5006E+02  1.3205E+01  8.4865E+00  1.4871E+00  1.2435E+00  0.0000E+00  1.4754E+00  0.0000E+00  0.0000E+00
  7.0000E+00  2.1666E+00  7.5729E+01  1.5006E+02  1.3978E+01  2.1666E+00  9.0741E+01  1.5006E+02  1.3205E+01  8.4865E+00  1.2070E+00  1.1227E+00  0.0000E+00  1.1424E+00  0.0000E+00  0.0000E+00
  8.0000E+00  2.1666E+00  7.5729E+01  1.5006E+02  1.3978E+01  2.1666E+00  9.0741E+01  1.5006E+02  1.3205E+01  8.4865E+00  9.8970E-01  7.6581E-01  0.0000E+00  8.9808E-01  0.0000E+00  0.0000E+00
  9.0000E+00  2.1666E+00  7.5729E+01  1.5006E+02  1.3978E+01  2.1666E+00  9.0741E+01  1.5006E+02  1.3205E+01  8.4865E+00  8.2090E-01  5.5896E-01  0.0000E+00  7.1850E-01  0.0000E+00  0.0000E+00
  1.0000E+01  2.1666E+00  7.5729E+01  1.5006E+02  1.3978E+01  2.1666E+00  9.0741E+01  1.5006E+02  1.3205E+01  8.4865E+00  6.8945E-01  1.0620E+00  0.0000E+00  5.8604E-01  0.0000E+00  0.0000E+00
  1.1000E+01  2.1666E+00  7.5729E+01  1.5006E+02  1.3978E+01  2.1666E+00  9.0741E+01  1.5006E+02  1.3205E+01  8.4865E+00  5.8674E-01  5.7392E-01  0.0000E+00  4.8784E-01  0.0000E+00  0.0000E+00
  1.2000E+01  2.1666E+00  7.5729E+01  1.5006E+02  1.3978E+01  2.1666E+00  9.0741E+01  1.5006E+02  1.3205E+01  8.4865E+00  5.0613E-01  3.6768E-01  0.0000E+00  4.1458E-01  0.0000E+00  0.0000E+00
  1.3000E+01  2.1666E+00  7.5729E+01  1.5006E+02  1.3978E+01  2.1666E+00  9.0741E+01  1.5006E+02  1.3205E+01  8.4865E+00  4.4255E-01  4.8772E-01  0.0000E+00  3.5947E-01  0.0000E+00  0.0000E+00
  1.4000E+01  2.1666E+00  7.5729E+01  1.5006E+02  1.3978E+01  2.1666E+00  9.0741E+01  1.5006E+02  1.3205E+01  8.4865E+00  3.9208E-01  4.4280E-01  0.0000E+00  3.1761E-01  0.0000E+00  0.0000E+00
  1.5000E+01  2.1666E+00  7.5729E+01  1.5006E+02  1.3978E+01  2.1666E+00  9.0741E+01  1.5006E+02  1.3205E+01  8.4865E+00  3.5174E-01  4.1708E-01  0.0000E+00  2.8541E-01  0.0000E+00  0.0000E+00
  1.6000E+01  2.1666E+00  7.5729E+01  1.5006E+02  1.3978E+01  2.1666E+00  9.0741E+01  1.5006E+02  1.3205E+01  8.4865E+00  3.1922E-01  3.7616E-01  0.0000E+00  2.6028E-01  0.0000E+00  0.0000E+00
  1.7000E+01  2.1666E+00  7.5729E+01  1.5006E+02  1.3978E+01  2.1666E+00  9.0741E+01  1.5006E+02  1.3205E+01  8.4865E+00  2.9275E-01  1.7880E-01  0.0000E+00  2.4034E-01  0.0000E+00  0.0000E+00
  1.8000E+01  2.1666E+00  7.5729E+01  1.5006E+02  1.3978E+01  2.1666E+00  9.0741E+01  1.5006E+02  1.3205E+01  8.4865E+00  2.7097E-01  4.0259E-01  0.0000E+00  2.2423E-01  0.0000E+00  0.0000E+00
  1.9000E+01  2.1666E+00  7.5729E+01  1.5006E+02  1.3978E+01  2.1666E+00  9.0741E+01  1.5006E+02  1.3205E+01  8.4865E+00  2.5284E-01  3.2128E-01  0.0000E+00  2.1094E-01  0.0000E+00  0.0000E+00
  2.0000E+01  2.1666E+00  7.5729E+01  1.5006E+02  1.3978E+01  2.1666E+00  9.0741E+01  1.5006E+02  1.3205E+01  8.4865E+00  2.3754E-01  2.5127E-01  0.0000E+00  1.9975E-01  0.0000E+00  0.0000E+00
  2.1000E+01  2.1666E+00  7.5729E+01  1.5006E+02  1.3978E+01  2.1666E+00  9.0741E+01  1.5006E+02  1.3205E+01  8.4865E+00  2.2447E-01  1.9798E-01  0.0000E+00  1.9013E-01  0.0000E+00  0.0000E+00
  2.2000E+01  2.1666E+00  7.5729E+01  1.5006E+02  1.3978E+01  2.1666E+00  9.0741E+01  1.5006E+02  1.3205E+01  8.4865E+00  2.1314E-01  8.9072E-02  0.0000E+00  1.8171E-01  0.0000E+00  0.0000E+00
  2.3000E+01  2.1666E+00  7.5729E+01  1.5006E+02  1.3978E+01  2.1666E+00  9.0741E+01  1.5006E+02  1.3205E+01  8.4865E+00  2.0320E-01  2.2049E-01  0.0000E+00  1.7419E-01  0.0000E+00  0.0000E+00
  2.4000E+01  2.1666E+00  7.5729E+01  1.5006E+02  1.3978E+01  2.1666E+00  9.0741E+01  1.5006E+02  1.3205E+01  8.4865E+00  1.9435E-01  2.4238E-01  0.0000E+00  1.6739E-01  0.0000E+00  0.0000E+00
  2.5000E+01  2.1666E+00  7.5729E+01  1.5006E+02  1.3978E+01  2.1666E+00  9.0741E+01  1.5006E+02  1.3205E+01  8.4865E+00  1.8639E-01  2.1880E-01  0.0000E+00  1.6113E-01  0.0000E+00  0.0000E+00
  2.6000E+01  2.1666E+00  7.5729E+01  1.5006E+02  1.3978E+01  2.1666E+00  9.0741E+01  1.5006E+02  1.3205E+01  8.4865E+00  1.7913E-01  1.9836E-01  0.0000E+00  1.5532E-01  0.0000E+00  0.0000E+00
  2.7000E+01  2.1666E+00  7.5729E+01  1.5006E+02  1.3978E+01  2.1666E+00  9.0741E+01  1.5006E+02  1.3205E+01  8.4865E+00  1.7913E-01  2.0162E-01  0.0000E+00  1.5532E-01  0.0000E+00  0.0000E+00
  2.8000E+01  2.1666E+00  7.5729E+01  1.5006E+02  1.3978E+01  2.1666E+00  9.0741E+01  1.5006E+02  1.3205E+01  8.4865E+00  1.4243E+00  2.2243E+00  0.0000E+00  1.5952E+00  0.0000E+00  0.0000E+00
  2.9000E+01  2.1666E+00  7.5729E+01  1.5006E+02  1.3978E+01  2.1666E+00  9.0741E+01  1.5006E+02  1.3205E+01  8.4865E+00  1.3021E+00  1.7371E+00  0.0000E+00  1.3938E+00  0.0000E+00  0.0000E+00
  3.0000E+01  2.1666E+00  7.5729E+01  1.5006E+02  1.3978E+01  2.1666E+00  9.0741E+01  1.5006E+02  1.3205E+01  8.4865E+00  1.0830E+00  1.0712E+00  0.0000E+00  1.1028E+00  0.0000E+00  0.0000E+00
  3.1000E+01  2.1666E+00  7.5729E+01  1.5006E+02  1.3978E+01  2.1666E+00  9.0741E+01  1.5006E+02  1.3205E+01  8.4865E+00  8.9855E-01  1.2572E+00  0.0000E+00  8.7289E-01  0.0000E+00  0.0000E+00
  3.2000E+01  2.1666E+00  7.5729E+01  1.5006E+02  1.3978E+01  2.1666E+00  9.0741E+01  1.5006E+02  1.3205E+01  8.4865E+00  7.5337E-01  6.2011E-01  0.0000E+00  7.0194E-01  0.0000E+00  0.0000E+00
  3.3000E+01  2.1666E+00  7.5729E+01  1.5006E+02  1.3978E+01  2.1666E+00  9.0741E+01  1.5006E+02  1.3205E+01  8.4865E+00  6.3980E-01  1.5648E-01  0.0000E+00  5.7549E-01  0.0000E+00  0.0000E+00
  3.4000E+01  2.1666E+00  7.5729E+01  1.5006E+02  1.3978E+01  2.1666E+00  9.0741E+01  1.5006E+02  1.3205E+01  8.4865E+00  5.5072E-01  7.1601E-01  0.0000E+00  4.8158E-01  0.0000E+00  0.0000E+00
  3.5000E+01  2.1666E+00  7.5729E+01  1.5006E+02  1.3978E+01  2.1666E+00  9.0741E+01  1.5006E+02  1.3205E+01  8.4865E+00  4.8051E-01  4.8171E-01  0.0000E+00  4.1138E-01  0.0000E+00  0.0000E+00
  3.6000E+01  2.1666E+00  7.5729E+01  1.5006E+02  1.3978E+01  2.1666E+00  9.0741E+01  1.5006E+02  1.3205E+01  8.4865E+00  4.2485E-01  2.8460E-01  0.0000E+00  3.5846E-01  0.0000E+00  0.0000E+00
  3.7000E+01  2.1666E+00  7.5729E+01  1.5006E+02  1.3978E+01  2.1666E+00  9.0741E+01  1.5006E+02  1.3205E+01  8.4865E+00  3.8041E-01  3.8729E-01  0.0000E+00  3.1813E-01  0.0000E+00  0.0000E+00
  3.8000E+01  2.1666E+00  7.5729E+01  1.5006E+02  1.3978E+01  2.1666E+00  9.0741E+01  1.5006E+02  1.3205E+01  8.4865E+00  3.4463E-01  3.2295E-01  0.0000E+00  2.8701E-01  0.0000E+00  0.0000E+00
  3.9000E+01  2.1666E+00  7.5729E+01  1.5006E+02  1.3978E+01  2.1666E+00  9.0741E+01  1.5006E+02  1.3205E+01  8.4865E+00  3.1556E-01  3.6029E-01  0.0000E+00  2.6263E-01  0.0000E+00  0.0000E+00
  4.0000E+01  2.1666E+00  7.5729E+01  1.5006E+02  1.3978E+01  2.1666E+00  9.0741E+01  1.5006E+02  1.3205E+01  8.4865E+00  2.9168E-01  1.8767E-01  0.0000E+00  2.4319E-01  0.0000E+00  0.0000E+00
  4.1000E+01  2.1666E+00  7.5729E+01  1.5006E+02  1.3978E+01  2.1666E+00  9.0741E+01  1.5006E+02  1.3205E+01  8.4865E+00  2.7183E-01  4.5712E-01  0.0000E+00  2.2740E-01  0.0000E+00  0.0000E+00
  4.2000E+01  2.1666E+00  7.5729E+01  1.5006E+02  1.3978E+01  2.1666E+00  9.0741E+01  1.5006E+02  1.3205E+01  8.4865E+00  2.5513E-01  2.2592E-01  0.0000E+00  2.1431E-01  0.0000E+00  0.0000E+00
  4.3000E+01  2.1666E+00  7.5729E+01  1.5006E+02  1.3978E+01  2.1666E+00  9.0741E+01  1.5006E+02  1.3205E+01  8.4865E+00  2.4088E-01  1.4390E-01  0.0000E+00  2.0323E-01  0.0000E+00  0.0000E+00
  4.4000E+01  2.1666E+00  7.5729E+01  1.5006E+02  1.3978E+01  2.1666E+00  9.0741E+01  1.5006E+02  1.3205E+01  8.4865E+00  2.2857E-01  1.7983E-01  0.0000E+00  1.9367E-01  0.0000E+00  0.0000E+00
  4.5000E+01  2.1666E+00  7.5729E+01  1.5006E+02  1.3978E+01  2.1666E+00  9.0741E+01  1.5006E+02  1.3205E+01  8.4865E+00  2.1778E-01  2.4415E-01  0.0000E+00  1.8525E-01  0.0000E+00  0.0000E+00
  4.6000E+01  2.1666E+00  7.5729E+01  1.5006E+02  1.3978E+01  2.1666E+00  9.0741E+01  1.5006E+02  1.3205E+01  8.4865E+00  2.0820E-01  3.2815E-01  0.0000E+00  1.7770E-01  0.0000E+00  0.0000E+00
  4.7000E+01  2.1666E+00  7.5729E+01  1.5006E+02  1.3978E+01  2.1666E+00  9.0741E+01  1.5006E+02  1.3205E+01  8.4865E+00  1.9959E-01  2.2926E-01  0.0000E+00  1.7084E-01  0.0000E+00  0.0000E+00
  4.8000E+01  2.1666E+00  7.5729E+01  1.5006E+02  1.3978E+01  2.1666E+00  9.0741E+01  1.5006E+02  1.3205E+01  8.4865E+00  1.9176E-01  2.2499E-01  0.0000E+00  1.6452E-01  0.0000E+00  0.0000E+00
  4.9000E+01  2.1666E+00  7.5729E+01  1.5006E+02  1.3978E+01  2.1666E+00  9.0741E+01  1.5006E+02  1.3205E+01  8.4865E+00  1.8457E-01  2.2013E-01  0.0000E+00  1.5864E-01  0.0000E+00  0.0000E+00
  5.0000E+01  2.1666E+00  7.5729E+01  1.5006E+02  1.3978E+01  2.1666E+00  9.0741E+01  1.5006E+02  1.3205E+01  8.4865E+00  1.7790E-01  1.7708E-01  0.0000E+00  1.5311E-01  0.0000E+00  0.0000E+00
  5.1000E+01  2.1666E+00  7.5729E+01  1.5006E+02  1.3978E+01  2.1666E+00  9.0741E+01  1.5006E+02  1.3205E+01  8.4865E+00  1.7168E-01  1.3234E-01  0.0000E+00  1.4788E-01  0.0000E+00  0.0000E+00
  5.2000E+01  2.1666E+00  7.5729E+01  1.5006E+02  1.3978E+01  2.1666E+00  9.0741E+01  1.5006E+02  1.3205E+01  8.4865E+00  1.4177E+00  1.7143E+00  0.0000E+00  1.5882E+00  0.0000E+00  0.0000E+00
  5.3000E+01  2.1666E+00  7.5729E+01  1.5006E+02  1.3978E+01  2.1666E+00  9.0741E+01  1.5006E+02  1.3205E+01  8.4865E+00  1.2962E+00  1.1674E+00  0.0000E+00  1.3873E+00  0.0000E+00  0.0000E+00
  5.4000E+01  2.1666E+00  7.5729E+01  1.5006E+02  1.3978E+01  2.1666E+00  9.0741E+01  1.5006E+02  1.3205E+01  8.4865E+00  1.0775E+00  1.6147E+00  0.0000E+00  1.0965E+00  0.0000E+00  0.0000E+00
  5.5000E+01  2.1666E+00  7.5729E+01  1.5006E+02  1.3978E+01  2.1666E+00  9.0741E+01  1.5006E+02  1.3205E+01  8.4865E+00  8.9354E-01  9.3781E-01  0.0000E+00  8.6694E-01  0.0000E+00  0.0000E+00
  5.6000E+01  2.1666E+00  7.5729E+01  1.5006E+02  1.3978E+01  2.1666E+00  9.0741E+01  1.5006E+02  1.3205E+01  8.4865E+00  7.4872E-01  3.5786E-01  0.0000E+00  6.9625E-01  0.0000E+00  0.0000E+00
  5.7000E+01  2.1666E+00  7.5729E+01  1.5006E+02  1.3978E+01  2.1666E+00  9.0741E+01  1.5006E+02  1.3205E+01  8.4865E+00  6.3545E-01  3.7858E-01  0.0000E+00  5.7002E-01  0.0000E+00  0.0000E+00
  5.8000E+01  2.1666E+00  7.5729E+01  1.5006E+02  1.3978E+01  2.1666E+00  9.0741E+01  1.5006E+02  1.3205E+01  8.4865E+00  5.4662E-01  3.3145E-01  0.0000E+00  4.7632E-01  0.0000E+00  0.0000E+00
  5.9000E+01  2.1666E+00  7.5729E+01  1.5006E+02  1.3978E+01  2.1666E+00  9.0741E+01  1.5006E+02  1.3205E+01  8.4865E+00  4.7663E-01  3.9222E-01  0.0000E+00  4.0632E-01  0.0000E+00  0.0000E+00
  6.0000E+01  2.1666E+00  7.5729E+01  1.5006E+02  1.3978E+01  2.1666E+00  9.0741E+01  1.5006E+02  1.3205E+01  8.4865E+00  4.2116E-01  3.7464E-01  0.0000E+00  3.5357E-01  0.0000E+00  0.0000E+00
  6.1000E+01  2.1666E+00  7.5729E+01  1.5006E+02  1.3978E+01  2.1666E+00  9.0741E+01  1.5006E+02  1.3205E+01  8.4865E+00  3.7688E-01  4.1745E-01  0.0000E+00  3.1342E-01  0.0000E+00  0.0000E+00
  6.2000E+01  2.1666E+00  7.5729E+01  1.5006E+02  1.3978E+01  2.1666E+00  9.0741E+01  1.5006E+02  1.3205E+01  8.4865E+00  3.4126E-01  2.1372E-01  0.0000E+00  2.8246E-01  0.0000E+00  0.0000E+00
  6.3000E+01  2.1666E+00  7.5729E+01  1.5006E+02  1.3978E+01  2.1666E+00  9.0741E+01  1.5006E+02  1.3205E+01  8.4865E+00  3.1232E-01  2.5742E-01  0.0000E+00  2.5823E-01  0.0000E+00  0.0000E+00
  6.4000E+01  2.1666E+00  7.5729E+01  1.5006E+02  1.3978E+01  2.1666E+00  9.0741E+01  1.5006E+02  1.3205E+01  8.4865E+00  2.8856E-01  8.1845E-02  0.0000E+00  2.3894E-01  0.0000E+00  0.0000E+00
  6.5000E+01  2.1666E+00  7.5729E+01  1.5006E+02  1.3978E+01  2.1666E+00  9.0741E+01  1.5006E+02  1.3205E+01  8.4865E+00  2.6883E-01  1.8547E-01  0.0000E+00  2.2329E-01  0.0000E+00  0.0000E+00
  6.6000E+01  2.1666E+00  7.5729E+01  1.5006E+02  1.3978E+01  2.1666E+00  9.0741E+01  1.5006E+02  1.3205E+01  8.4865E+00  2.5223E-01  2.9725E-01  0.0000E+00  2.1033E-01  0.0000E+00  0.0000E+00
  6.7000E+01  2.1666E+00  7.5729E+01  1.5006E+02  1.3978E+01  2.1666E+00  9.0741E+01  1.5006E+02  1.3205E+01  8.4865E+00  2.3809E-01  2.1898E-01  0.0000E+00  1.9938E-01  0.0000E+00  0.0000E+00
  6.8000E+01  2.1666E+00  7.5729E+01  1.5006E+02  1.3978E+01  2.1666E+00  9.0741E+01  1.5006E+02  1.3205E+01  8.4865E+00  2.2587E-01  2.5508E-01  0.0000E+00  1.8994E-01  0.0000E+00  0.0000E+00
  6.9000E+01  2.1666E+00  7.5729E+01  1.5006E+02  1.3978E+01  2.1666E+00  9.0741E+01  1.5006E+02  1.3205E+01  8.4865E+00  2.1517E-01  2.5048E-01  0.0000E+00  1.8164E-01  0.0000E+00  0.0000E+00
  7.0000E+01  2.1666E+00  7.5729E+01  1.5006E+02  1.3978E+01  2.1666E+00  9.0741E+01  1.5006E+02  1.3205E+01  8.4865E+00  2.0567E-01  2.1261E-01  0.0000E+00  1.7421E-01  0.0000E+00  0.0000E+00
  7.1000E+01  2.1666E+00  7.5729E+01  1.5006E+02  1.3978E+01  2.1666E+00  9.0741E+01  1.5006E+02  1.3205E+01  8.4865E+00  1.9714E-01  1.9506E-01  0.0000E+00  1.6746E-01  0.0000E+00  0.0000E+00
  7.2000E+01  2.1666E+00  7.5729E+01  1.5006E+02  1.3978E+01  2.1666E+00  9.0741E+01  1.5006E+02  1.3205E+01  8.4865E+00  1.8939E-01  1.7388E-01  0.0000E+00  1.6125E-01  0.0000E+00  0.0000E+00
  7.3000E+01  2.1666E+00  7.5729E+01  1.5006E+02  1.3978E+01  2.1666E+00  9.0741E+01  1.5006E+02  1.3205E+01  8.4865E+00  1.8228E-01  1.8291E-01  0.0000E+00  1.5547E-01  0.0000E+00  0.0000E+00
  7.4000E+01  2.1666E+00  7.5729E+01  1.5006E+02  1.3978E+01  2.1666E+00  9.0741E+01  1.5006E+02  1.3205E+01  8.4865E+00  1.7569E-01  1.4172E-01  0.0000E+00  1.5005E-01  0.0000E+00  0.0000E+00
  7.5000E+01  2.1666E+00  7.5729E+01  1.5006E+02  1.3978E+01  2.1666E+00  9.0741E+01  1.5006E+02  1.3205E+01  8.4865E+00  1.6953E-01  1.9920E-01  0.0000E+00  1.4492E-01  0.0000E+00  0.0000E+00
  7.6000E+01  2.1666E+00  7.5729E+01  1.5006E+02  1.3978E+01  2.1666E+00  9.0741E+01  1.5006E+02  1.3205E+01  8.4865E+00  1.4156E+00  1.8269E+00  0.0000E+00  1.5854E+00  0.0000E+00  0.0000E+00
  7.7000E+01  2.1666E+00  7.5729E+01  1.5006E+02  1.3978E+01  2.1666E+00  9.0741E+01  1.5006E+02  1.3205E+01  8.4865E+00  1.2941E+00  1.7482E+00  0.0000E+00  1.3845E+00  0.0000E+00  0.0000E+00
  7.8000E+01  2.1666E+00  7.5729E+01  1.5006E+02  1.3978E+01  2.1666E+00  9.0741E+01  1.5006E+02  1.3205E+01  8.4865E+00  1.0756E+00  6.2765E-01  0.0000E+00  1.0938E+00  0.0000E+00  0.0000E+00
  7.9000E+01  2.1666E+00  7.5729E+01  1.5006E+02  1.3978E+01  2.1666E+00  9.0741E+01  1.5006E+02  1.3205E+01  8.4865E+00  8.9164E-01  9.6629E-01  0.0000E+00  8.6434E-01  0.0000E+00  0.0000E+00
  8.0000E+01  2.1666E+00  7.5729E+01  1.5006E+02  1.3978E+01  2.1666E+00  9.0741E+01  1.5006E+02  1.3205E+01  8.4865E+00  7.4688E-01  1.5327E-01  0.0000E+00  6.9373E-01  0.0000E+00  0.0000E+00
  8.1000E+01  2.1666E+00  7.5729E+01  1.5006E+02  1.3978E+01  2.1666E+00  9.0741E+01  1.5006E+02  1.3205E+01  8.4865E+00  6.3367E-01  8.8139E-01  0.0000E+00  5.6759E-01  0.0000E+00  0.0000E+00
  8.2000E+01  2.1666E+00  7.5729E+01  1.5006E+02  1.3978E+01  2.1666E+00  9.0741E+01  1.5006E+02  1.3205E+01  8.4865E+00  5.4489E-01  4.3854E-01  0.0000E+00  4.7397E-01  0.0000E+00  0.0000E+00
  8.3000E+01  2.1666E+00  7.5729E+01  1.5006E+02  1.3978E+01  2.1666E+00  9.0741E+01  1.5006E+02  1.3205E+01  8.4865E+00  4.7496E-01  6.8853E-01  0.0000E+00  4.0404E-01  0.0000E+00  0.0000E+00
  8.4000E+01  2.1666E+00  7.5729E+01  1.5006E+02  1.3978E+01  2.1666E+00  9.0741E+01  1.5006E+02  1.3205E+01  8.4865E+00  4.1954E-01  3.2409E-01  0.0000E+00  3.5136E-01  0.0000E+00  0.0000E+00
  8.5000E+01  2.1666E+00  7.5729E+01  1.5006E+02  1.3978E+01  2.1666E+00  9.0741E+01  1.5006E+02  1.3205E+01  8.4865E+00  3.7531E-01  3.4697E-01  0.0000E+00  3.1128E-01  0.0000E+00  0.0000E+00
  8.6000E+01  2.1666E+00  7.5729E+01  1.5006E+02  1.3978E+01  2.1666E+00  9.0741E+01  1.5006E+02  1.3205E+01  8.4865E+00  3.3973E-01  3.2854E-01  0.0000E+00  2.8038E-01  0.0000E+00  0.0000E+00
  8.7000E+01  2.1666E+00  7.5729E+01  1.5006E+02  1.3978E+01  2.1666E+00  9.0741E+01  1.5006E+02  1.3205E+01  8.4865E+00  3.1084E-01  2.1351E-01  0.0000E+00  2.5622E-01  0.0000E+00  0.0000E+00
  8.8000E+01  2.1666E+00  7.5729E+01  1.5006E+02  1.3978E+01  2.1666E+00  9.0741E+01  1.5006E+02  1.3205E+01  8.4865E+00  2.8713E-01  3.3278E-01  0.0000E+00  2.3699E-01  0.0000E+00  0.0000E+00
  8.9000E+01  2.1666E+00  7.5729E+01  1.5006E+02  1.3978E+01  2.1666E+00  9.0741E+01  1.5006E+02  1.3205E+01  8.4865E+00  2.6744E-01  3.0026E-01  0.0000E+00  2.2141E-01  0.0000E+00  0.0000E+00
  9.0000E+01  2.1666E+00  7.5729E+01  1.5006E+02  1.3978E+01  2.1666E+00  9.0741E+01  1.5006E+02  1.3205E+01  8.4865E+00  2.5089E-01  2.2524E-01  0.0000E+00  2.0851E-01  0.0000E+00  0.0000E+00
  9.1000E+01  2.1666E+00  7.5729E+01  1.5006E+02  1.3978E+01  2.1666E+00  9.0741E+01  1.5006E+02  1.3205E+01  8.4865E+00  2.3678E-01  2.4051E-01  0.0000E+00  1.9762E-01  0.0000E+00  0.0000E+00
  9.2000E+01  2.1666E+00  7.5729E+01  1.5006E+02  1.3978E+01  2.1666E+00  9.0741E+01  1.5006E+02  1.3205E+01  8.4865E+00  2.2460E-01  1.9477E-01  0.0000E+00  1.8824E-01  0.0000E+00  0.0000E+00
  9.3000E+01  2.1666E+00  7.5729E+01  1.5006E+02  1.3978E+01  2.1666E+00  9.0741E+01  1.5006E+02  1.3205E+01  8.4865E+00  2.1394E-01  2.2817E-01  0.0000E+00  1.7999E-01  0.0000E+00  0.0000E+00
  9.4000E+01  2.1666E+00  7.5729E+01  1.5006E+02  1.3978E+01  2.1666E+00  9.0741E+01  1.5006E+02  1.3205E+01  8.4865E+00  2.0448E-01  2.5535E-01  0.0000E+00  1.7262E-01  0.0000E+00  0.0000E+00
  9.5000E+01  2.1666E+00  7.5729E+01  1.5006E+02  1.3978E+01  2.1666E+00  9.0741E+01  1.5006E+02  1.3205E+01  8.4865E+00  1.9599E-01  2.6357E-01  0.0000E+00  1.6592E-01  0.0000E+00  0.0000E+00
  9.6000E+01  2.1666E+00  7.5729E+01  1.5006E+02  1.3978E+01  2.1666E+00  9.0741E+01  1.5006E+02  1.3205E+01  8.4865E+00  1.8828E-01  1.4987E-01  0.0000E+00  1.5976E-01  0.0000E+00  0.0000E+00
  9.7000E+01  2.1666E+00  7.5729E+01  1.5006E+02  1.3978E+01  2.1666E+00  9.0741E+01  1.5006E+02  1.3205E+01  8.4865E+00  1.8120E-01  2.8123E-01  0.0000E+00  1.5403E-01  0.0000E+00  0.0000E+00
  9.8000E+01  2.1666E+00  7.5729E+01  1.5006E+02  1.3978E+01  2.1666E+00  9.0741E+01  1.5006E+02  1.3205E+01  8.4865E+00  1.7464E-01  2.0342E-01  0.0000E+00  1.4865E-01  0.0000E+00  0.0000E+00
  9.9000E+01  2.1666E+00  7.5729E+01  1.5006E+02  1.3978E+01  2.1666E+00  9.0741E+01  1.5006E+02  1.3205E+01  8.4865E+00  1.6851E-01  1.2897E-01  0.0000E+00  1.4356E-01  0.0000E+00  0.0000E+00
  1.0000E+02  2.1666E+00  7.5729E+01  1.5006E+02  1.3978E+01  2.1666E+00  9.0741E+01  1.5006E+02  1.3205E+01  8.4865E+00  1.4146E+00  1.6679E+00  0.0000E+00  1.5841E+00  0.0000E+00  0.0000E+00
  1.0100E+02  2.1666E+00  7.5729E+01  1.5006E+02  1.3978E+01  2.1666E+00  9.0741E+01  1.5006E+02  1.3205E+01  8.4865E+00  1.2932E+00  1.3383E+00  0.0000E+00  1.3832E+00  0.0000E+00  0.0000E+00
  1.0200E+02  2.1666E+00  7.5729E+01  1.5006E+02  1.3978E+01  2.1666E+00  9.0741E+01  1.5006E+02  1.3205E+01  8.4865E+00  1.0746E+00  1.1059E+00  0.0000E+00  1.0926E+00  0.0000E+00  0.0000E+00
  1.0300E+02  2.1666E+00  7.5729E+01  1.5006E+02  1.3978E+01  2.1666E+00  9.0741E+01  1.5006E+02  1.3205E+01  8.4865E+00  8.9075E-01  7.6248E-01  0.0000E+00  8.6315E-01  0.0000E+00  0.0000E+00
  1.0400E+02  2.1666E+00  7.5729E+01  1.5006E+02  1.3978E+01  2.1666E+00  9.0741E+01  1.5006E+02  1.3205E+01  8.4865E+00  7.4601E-01  1.2186E+00  0.0000E+00  6.9258E-01  0.0000E+00  0.0000E+00
  1.0500E+02  2.1666E+00  7.5729E+01  1.5006E+02  1.3978E+01  2.1666E+00  9.0741E+01  1.5006E+02  1.3205E+01  8.4865E+00  6.3282E-01  9.1471E-01  0.0000E+00  5.6647E-01  0.0000E+00  0.0000E+00
  1.0600E+02  2.1666E+00  7.5729E+01  1.5006E+02  1.3978E+01  2.1666E+00  9.0741E+01  1.5006E+02  1.3205E+01  8.4865E+00  5.4408E-01  3.8019E-01  0.0000E+00  4.7289E-01  0.0000E+00  0.0000E+00
  1.0700E+02  2.1666E+00  7.5729E+01  1.5006E+02  1.3978E+01  2.1666E+00  9.0741E+01  1.5006E+02  1.3205E+01  8.4865E+00  4.7417E-01  5.3236E-01  0.0000E+00  4.0299E-01  0.0000E+00  0.0000E+00
  1.0800E+02  2.1666E+00  7.5729E+01  1.5006E+02  1.3978E+01  2.1666E+00  9.0741E+01  1.5006E+02  1.3205E+01  8.4865E+00  4.1877E-01  4.5303E-01  0.0000E+00  3.5035E-01  0.0000E+00  0.0000E+00
  1.0900E+02  2.1666E+00  7.5729E+01  1.5006E+02  1.3978E+01  2.1666E+00  9.0741E+01  1.5006E+02  1.3205E+01  8.4865E+00  3.7457E-01  2.8940E-01  0.0000E+00  3.1030E-01  0.0000E+00  0.0000E+00
  1.1000E+02  2.1666E+00  7.5729E+01  1.5006E+02  1.3978E+01  2.1666E+00  9.0741E+01  1.5006E+02  1.3205E+01  8.4865E+00  3.3901E-01  4.6408E-01  0.0000E+00  2.7944E-01  0.0000E+00  0.0000E+00
  1.1100E+02  2.1666E+00  7.5729E+01  1.5006E+02  1.3978E+01  2.1666E+00  9.0741E+01  1.5006E+02  1.3205E+01  8.4865E+00  3.1014E-01  1.6406E-01  0.0000E+00  2.5530E-01  0.0000E+00  0.0000E+00
  1.1200E+02  2.1666E+00  7.5729E+01  1.5006E+02  1.3978E+01  2.1666E+00  9.0741E+01  1.5006E+02  1.3205E+01  8.4865E+00  2.8645E-01  2.4981E-01  0.0000E+00  2.3611E-01  0.0000E+00  0.0000E+00
  1.1300E+02  2.1666E+00  7.5729E+01  1.5006E+02  1.3978E+01  2.1666E+00  9.0741E+01  1.5006E+02  1.3205E+01  8.4865E+00  2.6678E-01  2.6170E-01  0.0000E+00  2.2055E-01  0.0000E+00  0.0000E+00
  1.1400E+02  2.1666E+00  7.5729E+01  1.5006E+02  1.3978E+01  2.1666E+00  9.0741E+01  1.5006E+02  1.3205E+01  8.4865E+00  2.5025E-01  3.8137E-01  0.0000E+00  2.0768E-01  0.0000E+00  0.0000E+00
  1.1500E+02  2.1666E+00  7.5729E+01  1.5006E+02  1.3978E+01  2.1666E+00  9.0741E+01  1.5006E+02  1.3205E+01  8.4865E+00  2.3617E-01  1.9790E-01  0.0000E+00  1.9682E-01  0.0000E+00  0.0000E+00
  1.1600E+02  2.1666E+00  7.5729E+01  1.5006E+02  1.3978E+01  2.1666E+00  9.0741E+01  1.5006E+02  1.3205E+01  8.4865E+00  2.2401E-01  2.8272E-01  0.0000E+00  1.8746E-01  0.0000E+00  0.0000E+00
  1.1700E+02  2.1666E+00  7.5729E+01  1.5006E+02  1.3978E+01  2.1666E+00  9.0741E+01  1.5006E+02  1.3205E+01  8.4865E+00  2.1336E-01  1.3611E-01  0.0000E+00  1.7924E-01  0.0000E+00  0.0000E+00
  1.1800E+02  2.1666E+00  7.5729E+01  1.5006E+02  1.3978E+01  2.1666E+00  9.0741E+01  1.5006E+02  1.3205E+01  8.4865E+00  2.0392E-01  2.4747E-01  0.0000E+00  1.7189E-01  0.0000E+00  0.0000E+00
  1.1900E+02  2.1666E+00  7.5729E+01  1.5006E+02  1.3978E+01  2.1666E+00  9.0741E+01  1.5006E+02  1.3205E+01  8.4865E+00  1.9545E-01  2.4336E-01  0.0000E+00  1.6521E-01  0.0000E+00  0.0000E+00
  1.2000E+02  2.1666E+00  7.5729E+01  1.5006E+02  1.3978E+01  2.1666E+00  9.0741E+01  1.5006E+02  1.3205E+01  8.4865E+00  1.8775E-01  1.8082E-01  0.0000E+00  1.5907E-01  0.0000E+00  0.0000E+00
  1.2100E+02  2.1666E+00  7.5729E+01  1.5006E+02  1.3978E+01  2.1666E+00  9.0741E+01  1.5006E+02  1.3205E+01  8.4865E+00  1.8068E-01  9.0631E-02  0.0000E+00  1.5336E-01  0.0000E+00  0.0000E+00
  1.2200E+02  2.1666E+00  7.5729E+01  1.5006E+02  1.3978E+01  2.1666E+00  9.0741E+01  1.5006E+02  1.3205E+01  8.4865E+00  1.7414E-01  1.8391E-01  0.0000E+00  1.4800E-01  0.0000E+00  0.0000E+00
  1.2300E+02  2.1666E+00  7.5729E+01  1.5006E+02  1.3978E+01  2.1666E+00  9.0741E+01  1.5006E+02  1.3205E+01  8.4865E+00  1.6803E-01  1.0877E-01  0.0000E+00  1.4294E-01  0.0000E+00  0.0000E+00
  1.2400E+02  2.1666E+00  7.5729E+01  1.5006E+02  1.3978E+01  2.1666E+00  9.0741E+01  1.5006E+02  1.3205E+01  8.4865E+00  1.4141E+00  2.2412E+00  0.0000E+00  1.5835E+00  0.0000E+00  0.0000E+00
  1.2500E+02  2.1666E+00  7.5729E+01  1.5006E+02  1.3978E+01  2.1666E+00  9.0741E+01  1.5006E+02  1.3205E+01  8.4865E+00  1.2927E+00  1.3609E+00  0.0000E+00  1.3826E+00  0.0000E+00  0.0000E+00
  1.2600E+02  2.1666E+00  7.5729E+01  1.5006E+02  1.3978E+01  2.1666E+00  9.0741E+01  1.5006E+02  1.3205E+01  8.4865E+00  1.0742E+00  1.1008E+00  0.0000E+00  1.0920E+00  0.0000E+00  0.0000E+00
  1.2700E+02  2.1666E+00  7.5729E+01  1.5006E+02  1.3978E+01  2.1666E+00  9.0741E+01  1.5006E+02  1.3205E+01  8.4865E+00  8.9032E-01  1.0017E+00  0.0000E+00  8.6260E-01  0.0000E+00  0.0000E+00
  1.2800E+02  2.1666E+00  7.5729E+01  1.5006E+02  1.3978E+01  2.1666E+00  9.0741E+01  1.5006E+02  1.3205E+01  8.4865E+00  7.4560E-01  6.7110E-01  0.0000E+00  6.9205E-01  0.0000E+00  0.0000E+00
  1.2900E+02  2.1666E+00  7.5729E+01  1.5006E+02  1.3978E+01  2.1666E+00  9.0741E+01  1.5006E+02  1.3205E+01  8.4865E+00  6.3242E-01  7.4129E-01  0.0000E+00  5.6596E-01  0.0000E+00  0.0000E+00
  1.3000E+02  2.1666E+00  7.5729E+01  1.5006E+02  1.3978E+01  2.1666E+00  9.0741E+01  1.5006E+02  1.3205E+01  8.4865E+00  5.4369E-01  6.7916E-01  0.0000E+00  4.7239E-01  0.0000E+00  0.0000E+00
  1.3100E+02  2.1666E+00  7.5729E+01  1.5006E+02  1.3978E+01  2.1666E+00  9.0741E+01  1.5006E+02  1.3205E+01  8.4865E+00  4.7379E-01  2.9907E-01  0.0000E+00  4.0251E-01  0.0000E+00  0.0000E+00
  1.3200E+02  2.1666E+00  7.5729E+01  1.5006E+02  1.3978E+01  2.1666E+00  9.0741E+01  1.5006E+02  1.3205E+01  8.4865E+00  4.1841E-01  2.9990E-01  0.0000E+00  3.4989E-01  0.0000E+00  0.0000E+00
  1.3300E+02  2.1666E+00  7.5729E+01  1.5006E+02  1.3978E+01  2.1666E+00  9.0741E+01  1.5006E+02  1.3205E+01  8.4865E+00  3.7422E-01  4.6405E-01  0.0000E+00  3.0985E-01  0.0000E+00  0.0000E+00
  1.3400E+02  2.1666E+00  7.5729E+01  1.5006E+02  1.3978E+01  2.1666E+00  9.0741E+01  1.5006E+02  1.3205E+01  8.4865E+00  3.3867E-01  2.6678E-01  0.0000E+00  2.7900E-01  0.0000E+00  0.0000E+00
  1.3500E+02  2.1666E+00  7.5729E+01  1.5006E+02  1.3978E+01  2.1666E+00  9.0741E+01  1.5006E+02  1.3205E+01  8.4865E+00  3.0981E-01  3.7522E-01  0.0000E+00  2.5488E-01  0.0000E+00  0.0000E+00
  1.3600E+02  2.1666E+00  7.5729E+01  1.5006E+02  1.3978E+01  2.1666E+00  9.0741E+01  1.5006E+02  1.3205E+01  8.4865E+00  2.8613E-01  3.3949E-01  0.0000E+00  2.3570E-01  0.0000E+00  0.0000E+00
  1.3700E+02  2.1666E+00  7.5729E+01  1.5006E+02  1.3978E+01  2.1666E+00  9.0741E+01  1.5006E+02  1.3205E+01  8.4865E+00  2.6647E-01  3.0750E-01  0.0000E+00  2.2015E-01  0.0000E+00  0.0000E+00
  1.3800E+02  2.1666E+00  7.5729E+01  1.5006E+02  1.3978E+01  2.1666E+00  9.0741E+01  1.5006E+02  1.3205E+01  8.4865E+00  2.4995E-01  2.8638E-01  0.0000E+00  2.0730E-01  0.0000E+00  0.0000E+00
  1.3900E+02  2.1666E+00  7.5729E+01  1.5006E+02  1.3978E+01  2.1666E+00  9.0741E+01  1.5006E+02  1.3205E+01  8.4865E+00  2.3587E-01  1.3402E-01  0.0000E+00  1.9645E-01  0.0000E+00  0.0000E+00
  1.4000E+02  2.1666E+00  7.5729E+01  1.5006E+02  1.3978E+01  2.1666E+00  9.0741E+01  1.5006E+02  1.3205E+01  8.4865E+00  2.2372E-01  3.3229E-01  0.0000E+00  1.8710E-01  0.0000E+00  0.0000E+00
  1.4100E+02  2.1666E+00  7.5729E+01  1.5006E+02  1.3978E+01  2.1666E+00  9.0741E+01  1.5006E+02  1.3205E+01  8.4865E+00  2.1309E-01  2.4261E-01  0.0000E+00  1.7889E-01  0.0000E+00  0.0000E+00
  1.4200E+02  2.1666E+00  7.5729E+01  1.5006E+02  1.3978E+01  2.1666E+00  9.0741E+01  1.5006E+02  1.3205E+01  8.4865E+00  2.0366E-01  2.8872E-01  0.0000E+00  1.7155E-01  0.0000E+00  0.0000E+00
  1.4300E+02  2.1666E+00  7.5729E+01  1.5006E+02  1.3978E+01  2.1666E+00  9.0741E+01  1.5006E+02  1.3205E+01  8.4865E+00  1.9519E-01  1.6800E-01  0.0000E+00  1.6489E-01  0.0000E+00  0.0000E+00
  1.4400E+02  2.1666E+00  7.5729E+01  1.5006E+02  1.3978E+01  2.1666E+00  9.0741E+01  1.5006E+02  1.3205E+01  8.4865E+00  1.8750E-01  2.3792E-01  0.0000E+00  1.5876E-01  0.0000E+00  0.0000E+00
  1.4500E+02  2.1666E+00  7.5729E+01  1.5006E+02  1.3978E+01  2.1666E+00  9.0741E+01  1.5006E+02  1.3205E+01  8.4865E+00  1.8044E-01  1.9363E-01  0.0000E+00  1.5306E-01  0.0000E+00  0.0000E+00
  1.4600E+02  2.1666E+00  7.5729E+01  1.5006E+02  1.3978E+01  2.1666E+00  9.0741E+01  1.5006E+02  1.3205E+01  8.4865E+00  1.7390E-01  2.3958E-01  0.0000E+00  1.4771E-01  0.0000E+00  0.0000E+00
  1.4700E+02  2.1666E+00  7.5729E+01  1.5006E+02  1.3978E+01  2.1666E+00  9.0741E+01  1.5006E+02  1.3205E+01  8.4865E+00  1.6780E-01  1.8407E-01  0.0000E+00  1.4266E-01  0.0000E+00  0.0000E+00
  1.4800E+02  2.1666E+00  7.5729E+01  1.5006E+02  1.3978E+01  2.1666E+00  9.0741E+01  1.5006E+02  1.3205E+01  8.4865E+00  1.4139E+00  1.1250E+00  0.0000E+00  1.5832E+00  0.0000E+00  0.0000E+00
  1.4900E+02  2.1666E+00  7.5729E+01  1.5006E+02  1.3978E+01  2.1666E+00  9.0741E+01  1.5006E+02  1.3205E+01  8.4865E+00  1.2925E+00  1.7901E+00  0.0000E+00  1.3824E+00  0.0000E+00  0.0000E+00
  1.5000E+02  2.1666E+00  7.5729E+01  1.5006E+02  1.3978E+01  2.1666E+00  9.0741E+01  1.5006E+02  1.3205E+01  8.4865E+00  1.0740E+00  1.3671E+00  0.0000E+00  1.0918E+00  0.0000E+00  0.0000E+00
  1.5100E+02  2.1666E+00  7.5729E+01  1.5006E+02  1.3978E+01  2.1666E+00  9.0741E+01  1.5006E+02  1.3205E+01  8.4865E+00  8.9012E-01  1.1488E+00  0.0000E+00  8.6235E-01  0.0000E+00  0.0000E+00
  1.5200E+02  2.1666E+00  7.5729E+01  1.5006E+02  1.3978E+01  2.1666E+00  9.0741E+01  1.5006E+02  1.3205E+01  8.4865E+00  7.4540E-01  7.4015E-01  0.0000E+00  6.9181E-01  0.0000E+00  0.0000E+00
  1.5300E+02  2.1666E+00  7.5729E+01  1.5006E+02  1.3978E+01  2.1666E+00  9.0741E+01  1.5006E+02  1.3205E+01  8.4865E+00  6.3223E-01  5.5879E-01  0.0000E+00  5.6572E-01  0.0000E+00  0.0000E+00
  1.5400E+02  2.1666E+00  7.5729E+01  1.5006E+02  1.3978E+01  2.1666E+00  9.0741E+01  1.5006E+02  1.3205E+01  8.4865E+00  5.4351E-01  5.0608E-01  0.0000E+00  4.7216E-01  0.0000E+00  0.0000E+00
  1.5500E+02  2.1666E+00  7.5729E+01  1.5006E+02  1.3978E+01  2.1666E+00  9.0741E+01  1.5006E+02  1.3205E+01  8.4865E+00  4.7361E-01  4.6327E-01  0.0000E+00  4.0229E-01  0.0000E+00  0.0000E+00
  1.5600E+02  2.1666E+00  7.5729E+01  1.5006E+02  1.3978E+01  2.1666E+00  9.0741E+01  1.5006E+02  1.3205E+01  8.4865E+00  4.1823E-01  3.2846E-01  0.0000E+00  3.4968E-01  0.0000E+00  0.0000E+00
  1.5700E+02  2.1666E+00  7.5729E+01  1.5006E+02  1.3978E+01  2.1666E+00  9.0741E+01  1.5006E+02  1.3205E+01  8.4865E+00  3.7405E-01  1.8476E-01  0.0000E+00  3.0964E-01  0.0000E+00  0.0000E+00
  1.5800E+02  2.1666E+00  7.5729E+01  1.5006E+02  1.3978E+01  2.1666E+00  9.0741E+01  1.5006E+02  1.3205E+01  8.4865E+00  3.3851E-01  3.1400E-01  0.0000E+00  2.7880E-01  0.0000E+00  0.0000E+00
  1.5900E+02  2.1666E+00  7.5729E+01  1.5006E+02  1.3978E+01  2.1666E+00  9.0741E+01  1.5006E+02  1.3205E+01  8.4865E+00  3.0965E-01  2.9199E-01  0.0000E+00  2.5469E-01  0.0000E+00  0.0000E+00
  1.6000E+02  2.1666E+00  7.5729E+01  1.5006E+02  1.3978E+01  2.1666E+00  9.0741E+01  1.5006E+02  1.3205E+01  8.4865E+00  2.8598E-01  1.8325E-01  0.0000E+00  2.3551E-01  0.0000E+00  0.0000E+00
  1.6100E+02  2.1666E+00  7.5729E+01  1.5006E+02  1.3978E+01  2.1666E+00  9.0741E+01  1.5006E+02  1.3205E+01  8.4865E+00  2.6633E-01  3.7956E-01  0.0000E+00  2.1997E-01  0.0000E+00  0.0000E+00
  1.6200E+02  2.1666E+00  7.5729E+01  1.5006E+02  1.3978E+01  2.1666E+00  9.0741E+01  1.5006E+02  1.3205E+01  8.4865E+00  2.4981E-01  2.0993E-01  0.0000E+00  2.0713E-01  0.0000E+00  0.0000E+00
  1.6300E+02  2.1666E+00  7.5729E+01  1.5006E+02  1.3978E+01  2.1666E+00  9.0741E+01  1.5006E+02  1.3205E+01  8.4865E+00  2.3574E-01  3.3147E-01  0.0000E+00  1.9628E-01  0.0000E+00  0.0000E+00
  1.6400E+02  2.1666E+00  7.5729E+01  1.5006E+02  1.3978E+01  2.1666E+00  9.0741E+01  1.5006E+02  1.3205E+01  8.4865E+00  2.2359E-01  2.8310E-01  0.0000E+00  1.8694E-01  0.0000E+00  0.0000E+00
  1.6500E+02  2.1666E+00  7.5729E+01  1.5006E+02  1.3978E+01  2.1666E+00  9.0741E+01  1.5006E+02  1.3205E+01  8.4865E+00  2.1296E-01  1.3582E-01  0.0000E+00  1.7873E-01  0.0000E+00  0.0000E+00
  1.6600E+02  2.1666E+00  7.5729E+01  1.5006E+02  1.3978E+01  2.1666E+00  9.0741E+01  1.5006E+02  1.3205E+01  8.4865E+00  2.0353E-01  2.3477E-01  0.0000E+00  1.7140E-01  0.0000E+00  0.0000E+00
  1.6700E+02  2.1666E+00  7.5729E+01  1.5006E+02  1.3978E+01  2.1666E+00  9.0741E+01  1.5006E+02  1.3205E+01  8.4865E+00  1.9507E-01  2.6402E-01  0.0000E+00  1.6474E-01  0.0000E+00  0.0000E+00
  1.6800E+02  2.1666E+00  7.5729E+01  1.5006E+02  1.3978E+01  2.1666E+00  9.0741E+01  1.5006E+02  1.3205E+01  8.4865E+00  1.8738E-01  1.4547E-01  0.0000E+00  1.5862E-01  0.0000E+00  0.0000E+00
  1.6900E+02  2.1666E+00  7.5729E+01  1.5006E+02  1.3978E+01  2.1666E+00  9.0741E+01  1.5006E+02  1.3205E+01  8.4865E+00  1.8033E-01  1.7337E-01  0.0000E+00  1.5292E-01  0.0000E+00  0.0000E+00
  1.7000E+02  2.1666E+00  7.5729E+01  1.5006E+02  1.3978E+01  2.1666E+00  9.0741E+01  1.5006E+02  1.3205E+01  8.4865E+00  1.7379E-01  1.8895E-01  0.0000E+00  1.4758E-01  0.0000E+00  0.0000E+00
  1.7100E+02  2.1666E+00  7.5729E+01  1.5006E+02  1.3978E+01  2.1666E+00  9.0741E+01  1.5006E+02  1.3205E+01  8.4865E+00  1.6770E-01  1.4390E-01  0.0000E+00  1.4252E-01  0.0000E+00  0.0000E+00
  1.0000E+00  2.1666E+00  7.5729E+01  1.5006E+02  1.3978E+01  2.1666E+00  7.0769E+01  1.5006E+02  1.2774E+01  8.4865E+00  0.0000E+00  0.0000E+00  0.0000E+00  0.0000E+00  0.0000E+00  0.0000E+00
  2.0000E+00  2.1666E+00  7.5729E+01  1.5006E+02  1.3978E+01  2.1666E+00  7.0769E+01  1.5006E+02  1.2774E+01  8.4865E+00  0.0000E+00  0.0000E+00  0.0000E+00  0.0000E+00  0.0000E+00  0.0000E+00
  3.0000E+00  2.1666E+00  7.5729E+01  1.5006E+02  1.3978E+01  2.1666E+00  7.0769E+01  1.5006E+02  1.2774E+01  8.4865E+00  3.7033E+00  2.9967E+00  0.0000E+00  3.6834E+00  0.0000E+00  0.0000E+00
  4.0000E+00  2.1666E+00  7.5729E+01  1.5006E+02  1.3978E+01  2.1666E+00  7.0769E+01  1.5006E+02  1.2774E+01  8.4865E+00  3.1916E+00  2.7400E+00  0.0000E+00  3.4488E+00  0.0000E+00  0.0000E+00
  5.0000E+00  2.1666E+00  7.5729E+01  1.5006E+02  1.3978E+01  2.1666E+00  7.0769E+01  1.5006E+02  1.2774E+01  8.4865E+00  2.4544E+00  2.3244E+00  0.0000E+00  2.9023E+00  0.0000E+00  0.0000E+00
  6.0000E+00  2.1666E+00  7.5729E+01  1.5006E+02  1.3978E+01  2.1666E+00  7.0769E+01  1.5006E+02  1.2774E+01  8.4865E+00  1.8771E+00  2.5858E+00  0.0000E+00  2.4278E+00  0.0000E+00  0.0000E+00
  7.0000E+00  2.1666E+00  7.5729E+01  1.5006E+02  1.3978E+01  2.1666E+00  7.0769E+01  1.5006E+02  1.2774E+01  8.4865E+00  1.4523E+00  1.0713E+00  0.0000E+00  2.0465E+00  0.0000E+00  0.0000E+00
  8.0000E+00  2.1666E+00  7.5729E+01  1.5006E+02  1.3978E+01  2.1666E+00  7.0769E+01  1.5006E+02  1.2774E+01  8.4865E+00  1.1421E+00  1.5966E+00  0.0000E+00  1.7429E+00  0.0000E+00  0.0000E+00
  9.0000E+00  2.1666E+00  7.5729E+01  1.5006E+02  1.3978E+01  2.1666E+00  7.0769E+01  1.5006E+02  1.2774E+01  8.4865E+00  9.1522E-01  7.5999E-01  0.0000E+00  1.5009E+00  0.0000E+00  0.0000E+00
  1.0000E+01  2.1666E+00  7.5729E+01  1.5006E+02  1.3978E+01  2.1666E+00  7.0769E+01  1.5006E+02  1.2774E+01  8.4865E+00  7.4856E-01  7.7483E-01  0.0000E+00  1.3076E+00  0.0000E+00  0.0000E+00
  1.1000E+01  2.1666E+00  7.5729E+01  1.5006E+02  1.3978E+01  2.1666E+00  7.0769E+01  1.5006E+02  1.2774E+01  8.4865E+00  6.2551E-01  6.1375E-01  0.0000E+00  1.1527E+00  0.0000E+00  0.0000E+00
  1.2000E+01  2.1666E+00  7.5729E+01  1.5006E+02  1.3978E+01  2.1666E+00  7.0769E+01  1.5006E+02  1.2774E+01  8.4865E+00  5.3403E-01  8.2114E-01  0.0000E+00  1.0281E+00  0.0000E+00  0.0000E+00
  1.3000E+01  2.1666E+00  7.5729E+01  1.5006E+02  1.3978E+01  2.1666E+00  7.0769E+01  1.5006E+02  1.2774E+01  8.4865E+00  4.6544E-01  4.9108E-01  0.0000E+00  9.2734E-01  0.0000E+00  0.0000E+00
  1.4000E+01  2.1666E+00  7.5729E+01  1.5006E+02  1.3978E+01  2.1666E+00  7.0769E+01  1.5006E+02  1.2774E+01  8.4865E+00  4.1345E-01  4.0709E-01  0.0000E+00  8.4548E-01  0.0000E+00  0.0000E+00
  1.5000E+01  2.1666E+00  7.5729E+01  1.5006E+02  1.3978E+01  2.1666E+00  7.0769E+01  1.5006E+02  1.2774E+01  8.4865E+00  3.7352E-01  3.7633E-01  0.0000E+00  7.7854E-01  0.0000E+00  0.0000E+00
  1.6000E+01  2.1666E+00  7.5729E+01  1.5006E+02  1.3978E+01  2.1666E+00  7.0769E+01  1.5006E+02  1.2774E+01  8.4865E+00  3.4237E-01  4.1882E-01  0.0000E+00  7.2340E-01  0.0000E+00  0.0000E+00
  1.7000E+01  2.1666E+00  7.5729E+01  1.5006E+02  1.3978E+01  2.1666E+00  7.0769E+01  1.5006E+02  1.2774E+01  8.4865E+00  3.1764E-01  3.0982E-01  0.0000E+00  6.7759E-01  0.0000E+00  0.0000E+00
  1.8000E+01  2.1666E+00  7.5729E+01  1.5006E+02  1.3978E+01  2.1666E+00  7.0769E+01  1.5006E+02  1.2774E+01  8.4865E+00  2.9761E-01  1.5147E-01  0.0000E+00  6.3920E-01  0.0000E+00  0.0000E+00
  1.9000E+01  2.1666E+00  7.5729E+01  1.5006E+02  1.3978E+01  2.1666E+00  7.0769E+01  1.5006E+02  1.2774E+01  8.4865E+00  2.8104E-01  1.8539E-01  0.0000E+00  6.0669E-01  0.0000E+00  0.0000E+00
  2.0000E+01  2.1666E+00  7.5729E+01  1.5006E+02  1.3978E+01  2.1666E+00  7.0769E+01  1.5006E+02  1.2774E+01  8.4865E+00  2.6703E-01  3.5515E-01  0.0000E+00  5.7885E-01  0.0000E+00  0.0000E+00
  2.1000E+01  2.1666E+00  7.5729E+01  1.5006E+02  1.3978E+01  2.1666E+00  7.0769E+01  1.5006E+02  1.2774E+01  8.4865E+00  2.5494E-01  1.8333E-01  0.0000E+00  5.5476E-01  0.0000E+00  0.0000E+00
  2.2000E+01  2.1666E+00  7.5729E+01  1.5006E+02  1.3978E+01  2.1666E+00  7.0769E+01  1.5006E+02  1.2774E+01  8.4865E+00  2.4429E-01  2.7336E-01  0.0000E+00  5.3364E-01  0.0000E+00  0.0000E+00
  2.3000E+01  2.1666E+00  7.5729E+01  1.5006E+02  1.3978E+01  2.1666E+00  7.0769E+01  1.5006E+02  1.2774E+01  8.4865E+00  2.3474E-01  1.8596E-01  0.0000E+00  5.1493E-01  0.0000E+00  0.0000E+00
  2.4000E+01  2.1666E+00  7.5729E+01  1.5006E+02  1.3978E+01  2.1666E+00  7.0769E+01  1.5006E+02  1.2774E+01  8.4865E+00  2.2604E-01  2.2682E-01  0.0000E+00  4.9815E-01  0.0000E+00  0.0000E+00
  2.5000E+01  2.1666E+00  7.5729E+01  1.5006E+02  1.3978E+01  2.1666E+00  7.0769E+01  1.5006E+02  1.2774E+01  8.4865E+00  2.1802E-01  2.6661E-01  0.0000E+00  4.8293E-01  0.0000E+00  0.0000E+00
  2.6000E+01  2.1666E+00  7.5729E+01  1.5006E+02  1.3978E+01  2.1666E+00  7.0769E+01  1.5006E+02  1.2774E+01  8.4865E+00  2.1054E-01  1.4984E-01  0.0000E+00  4.6899E-01  0.0000E+00  0.0000E+00
  2.7000E+01  2.1666E+00  7.5729E+01  1.5006E+02  1.3978E+01  2.1666E+00  7.0769E+01  1.5006E+02  1.2774E+01  8.4865E+00  2.1054E-01  1.4603E-01  0.0000E+00  4.6899E-01  0.0000E+00  0.0000E+00
  2.8000E+01  2.1666E+00  7.5729E+01  1.5006E+02  1.3978E+01  2.1666E+00  7.0769E+01  1.5006E+02  1.2774E+01  8.4865E+00  2.0551E+00  1.7601E+00  0.0000E+00  2.2978E+00  0.0000E+00  0.0000E+00
  2.9000E+01  2.1666E+00  7.5729E+01  1.5006E+02  1.3978E+01  2.1666E+00  7.0769E+01  1.5006E+02  1.2774E+01  8.4865E+00  1.7926E+00  2.7058E+00  0.0000E+00  2.1685E+00  0.0000E+00  0.0000E+00
  3.0000E+01  2.1666E+00  7.5729E+01  1.5006E+02  1.3978E+01  2.1666E+00  7.0769E+01  1.5006E+02  1.2774E+01  8.4865E+00  1.4176E+00  1.8594E+00  0.0000E+00  1.8839E+00  0.0000E+00  0.0000E+00
  3.1000E+01  2.1666E+00  7.5729E+01  1.5006E+02  1.3978E+01  2.1666E+00  7.0769E+01  1.5006E+02  1.2774E+01  8.4865E+00  1.1229E+00  8.4072E-01  0.0000E+00  1.6360E+00  0.0000E+00  0.0000E+00
  3.2000E+01  2.1666E+00  7.5729E+01  1.5006E+02  1.3978E+01  2.1666E+00  7.0769E+01  1.5006E+02  1.2774E+01  8.4865E+00  9.0471E-01  1.4247E+00  0.0000E+00  1.4352E+00  0.0000E+00  0.0000E+00
  3.3000E+01  2.1666E+00  7.5729E+01  1.5006E+02  1.3978E+01  2.1666E+00  7.0769E+01  1.5006E+02  1.2774E+01  8.4865E+00  7.4399E-01  8.7005E-01  0.0000E+00  1.2736E+00  0.0000E+00  0.0000E+00
  3.4000E+01  2.1666E+00  7.5729E+01  1.5006E+02  1.3978E+01  2.1666E+00  7.0769E+01  1.5006E+02  1.2774E+01  8.4865E+00  6.2511E-01  5.7557E-01  0.0000E+00  1.1433E+00  0.0000E+00  0.0000E+00
  3.5000E+01  2.1666E+00  7.5729E+01  1.5006E+02  1.3978E+01  2.1666E+00  7.0769E+01  1.5006E+02  1.2774E+01  8.4865E+00  5.3656E-01  3.9545E-01  0.0000E+00  1.0376E+00  0.0000E+00  0.0000E+00
  3.6000E+01  2.1666E+00  7.5729E+01  1.5006E+02  1.3978E+01  2.1666E+00  7.0769E+01  1.5006E+02  1.2774E+01  8.4865E+00  4.6998E-01  7.2835E-01  0.0000E+00  9.5148E-01  0.0000E+00  0.0000E+00
  3.7000E+01  2.1666E+00  7.5729E+01  1.5006E+02  1.3978E+01  2.1666E+00  7.0769E+01  1.5006E+02  1.2774E+01  8.4865E+00  4.1937E-01  3.0976E-01  0.0000E+00  8.8075E-01  0.0000E+00  0.0000E+00
  3.8000E+01  2.1666E+00  7.5729E+01  1.5006E+02  1.3978E+01  2.1666E+00  7.0769E+01  1.5006E+02  1.2774E+01  8.4865E+00  3.8035E-01  4.4766E-01  0.0000E+00  8.2221E-01  0.0000E+00  0.0000E+00
  3.9000E+01  2.1666E+00  7.5729E+01  1.5006E+02  1.3978E+01  2.1666E+00  7.0769E+01  1.5006E+02  1.2774E+01  8.4865E+00  3.4978E-01  3.7638E-01  0.0000E+00  7.7334E-01  0.0000E+00  0.0000E+00
  4.0000E+01  2.1666E+00  7.5729E+01  1.5006E+02  1.3978E+01  2.1666E+00  7.0769E+01  1.5006E+02  1.2774E+01  8.4865E+00  3.2539E-01  4.4468E-01  0.0000E+00  7.3214E-01  0.0000E+00  0.0000E+00
  4.1000E+01  2.1666E+00  7.5729E+01  1.5006E+02  1.3978E+01  2.1666E+00  7.0769E+01  1.5006E+02  1.2774E+01  8.4865E+00  3.0553E-01  2.6210E-01  0.0000E+00  6.9704E-01  0.0000E+00  0.0000E+00
  4.2000E+01  2.1666E+00  7.5729E+01  1.5006E+02  1.3978E+01  2.1666E+00  7.0769E+01  1.5006E+02  1.2774E+01  8.4865E+00  2.8901E-01  4.7361E-01  0.0000E+00  6.6680E-01  0.0000E+00  0.0000E+00
  4.3000E+01  2.1666E+00  7.5729E+01  1.5006E+02  1.3978E+01  2.1666E+00  7.0769E+01  1.5006E+02  1.2774E+01  8.4865E+00  2.7497E-01  2.8603E-01  0.0000E+00  6.4044E-01  0.0000E+00  0.0000E+00
  4.4000E+01  2.1666E+00  7.5729E+01  1.5006E+02  1.3978E+01  2.1666E+00  7.0769E+01  1.5006E+02  1.2774E+01  8.4865E+00  2.6279E-01  1.4063E-01  0.0000E+00  6.1720E-01  0.0000E+00  0.0000E+00
  4.5000E+01  2.1666E+00  7.5729E+01  1.5006E+02  1.3978E+01  2.1666E+00  7.0769E+01  1.5006E+02  1.2774E+01  8.4865E+00  2.5201E-01  3.0944E-01  0.0000E+00  5.9646E-01  0.0000E+00  0.0000E+00
  4.6000E+01  2.1666E+00  7.5729E+01  1.5006E+02  1.3978E+01  2.1666E+00  7.0769E+01  1.5006E+02  1.2774E+01  8.4865E+00  2.4230E-01  3.1088E-01  0.0000E+00  5.7774E-01  0.0000E+00  0.0000E+00
  4.7000E+01  2.1666E+00  7.5729E+01  1.5006E+02  1.3978E+01  2.1666E+00  7.0769E+01  1.5006E+02  1.2774E+01  8.4865E+00  2.3343E-01  2.1770E-01  0.0000E+00  5.6067E-01  0.0000E+00  0.0000E+00
  4.8000E+01  2.1666E+00  7.5729E+01  1.5006E+02  1.3978E+01  2.1666E+00  7.0769E+01  1.5006E+02  1.2774E+01  8.4865E+00  2.2522E-01  1.6016E-01  0.0000E+00  5.4494E-01  0.0000E+00  0.0000E+00
  4.9000E+01  2.1666E+00  7.5729E+01  1.5006E+02  1.3978E+01  2.1666E+00  7.0769E+01  1.5006E+02  1.2774E+01  8.4865E+00  2.1755E-01  2.6154E-01  0.0000E+00  5.3033E-01  0.0000E+00  0.0000E+00
  5.0000E+01  2.1666E+00  7.5729E+01  1.5006E+02  1.3978E+01  2.1666E+00  7.0769E+01  1.5006E+02  1.2774E+01  8.4865E+00  2.1031E-01  1.8801E-01  0.0000E+00  5.1663E-01  0.0000E+00  0.0000E+00
  5.1000E+01  2.1666E+00  7.5729E+01  1.5006E+02  1.3978E+01  2.1666E+00  7.0769E+01  1.5006E+02  1.2774E+01  8.4865E+00  2.0344E-01  2.2812E-01  0.0000E+00  5.0371E-01  0.0000E+00  0.0000E+00
  5.2000E+01  2.1666E+00  7.5729E+01  1.5006E+02  1.3978E+01  2.1666E+00  7.0769E+01  1.5006E+02  1.2774E+01  8.4865E+00  2.0485E+00  1.5712E+00  0.0000E+00  2.3332E+00  0.0000E+00  0.0000E+00
  5.3000E+01  2.1666E+00  7.5729E+01  1.5006E+02  1.3978E+01  2.1666E+00  7.0769E+01  1.5006E+02  1.2774E+01  8.4865E+00  1.7864E+00  1.6645E+00  0.0000E+00  2.2042E+00  0.0000E+00  0.0000E+00
  5.4000E+01  2.1666E+00  7.5729E+01  1.5006E+02  1.3978E+01  2.1666E+00  7.0769E+01  1.5006E+02  1.2774E+01  8.4865E+00  1.4118E+00  1.3772E+00  0.0000E+00  1.9196E+00  0.0000E+00  0.0000E+00
  5.5000E+01  2.1666E+00  7.5729E+01  1.5006E+02  1.3978E+01  2.1666E+00  7.0769E+01  1.5006E+02  1.2774E+01  8.4865E+00  1.1173E+00  1.6303E+00  0.0000E+00  1.6716E+00  0.0000E+00  0.0000E+00
  5.6000E+01  2.1666E+00  7.5729E+01  1.5006E+02  1.3978E+01  2.1666E+00  7.0769E+01  1.5006E+02  1.2774E+01  8.4865E+00  8.9937E-01  6.5128E-01  0.0000E+00  1.4706E+00  0.0000E+00  0.0000E+00
  5.7000E+01  2.1666E+00  7.5729E+01  1.5006E+02  1.3978E+01  2.1666E+00  7.0769E+01  1.5006E+02  1.2774E+01  8.4865E+00  7.3887E-01  8.5065E-01  0.0000E+00  1.3087E+00  0.0000E+00  0.0000E+00
  5.8000E+01  2.1666E+00  7.5729E+01  1.5006E+02  1.3978E+01  2.1666E+00  7.0769E+01  1.5006E+02  1.2774E+01  8.4865E+00  6.2019E-01  5.5917E-01  0.0000E+00  1.1779E+00  0.0000E+00  0.0000E+00
  5.9000E+01  2.1666E+00  7.5729E+01  1.5006E+02  1.3978E+01  2.1666E+00  7.0769E+01  1.5006E+02  1.2774E+01  8.4865E+00  5.3181E-01  7.4789E-01  0.0000E+00  1.0718E+00  0.0000E+00  0.0000E+00
  6.0000E+01  2.1666E+00  7.5729E+01  1.5006E+02  1.3978E+01  2.1666E+00  7.0769E+01  1.5006E+02  1.2774E+01  8.4865E+00  4.6541E-01  5.0364E-01  0.0000E+00  9.8507E-01  0.0000E+00  0.0000E+00
  6.1000E+01  2.1666E+00  7.5729E+01  1.5006E+02  1.3978E+01  2.1666E+00  7.0769E+01  1.5006E+02  1.2774E+01  8.4865E+00  4.1494E-01  5.9894E-01  0.0000E+00  9.1377E-01  0.0000E+00  0.0000E+00
  6.2000E+01  2.1666E+00  7.5729E+01  1.5006E+02  1.3978E+01  2.1666E+00  7.0769E+01  1.5006E+02  1.2774E+01  8.4865E+00  3.7607E-01  5.8403E-01  0.0000E+00  8.5464E-01  0.0000E+00  0.0000E+00
  6.3000E+01  2.1666E+00  7.5729E+01  1.5006E+02  1.3978E+01  2.1666E+00  7.0769E+01  1.5006E+02  1.2774E+01  8.4865E+00  3.4564E-01  4.4083E-01  0.0000E+00  8.0517E-01  0.0000E+00  0.0000E+00
  6.4000E+01  2.1666E+00  7.5729E+01  1.5006E+02  1.3978E+01  2.1666E+00  7.0769E+01  1.5006E+02  1.2774E+01  8.4865E+00  3.2138E-01  1.5056E-01  0.0000E+00  7.6336E-01  0.0000E+00  0.0000E+00
  6.5000E+01  2.1666E+00  7.5729E+01  1.5006E+02  1.3978E+01  2.1666E+00  7.0769E+01  1.5006E+02  1.2774E+01  8.4865E+00  3.0165E-01  2.8616E-01  0.0000E+00  7.2765E-01  0.0000E+00  0.0000E+00
  6.6000E+01  2.1666E+00  7.5729E+01  1.5006E+02  1.3978E+01  2.1666E+00  7.0769E+01  1.5006E+02  1.2774E+01  8.4865E+00  2.8526E-01  2.4565E-01  0.0000E+00  6.9680E-01  0.0000E+00  0.0000E+00
  6.7000E+01  2.1666E+00  7.5729E+01  1.5006E+02  1.3978E+01  2.1666E+00  7.0769E+01  1.5006E+02  1.2774E+01  8.4865E+00  2.7134E-01  2.1019E-01  0.0000E+00  6.6983E-01  0.0000E+00  0.0000E+00
  6.8000E+01  2.1666E+00  7.5729E+01  1.5006E+02  1.3978E+01  2.1666E+00  7.0769E+01  1.5006E+02  1.2774E+01  8.4865E+00  2.5927E-01  2.7394E-01  0.0000E+00  6.4598E-01  0.0000E+00  0.0000E+00
  6.9000E+01  2.1666E+00  7.5729E+01  1.5006E+02  1.3978E+01  2.1666E+00  7.0769E+01  1.5006E+02  1.2774E+01  8.4865E+00  2.4860E-01  2.8664E-01  0.0000E+00  6.2464E-01  0.0000E+00  0.0000E+00
  7.0000E+01  2.1666E+00  7.5729E+01  1.5006E+02  1.3978E+01  2.1666E+00  7.0769E+01  1.5006E+02  1.2774E+01  8.4865E+00  2.3900E-01  3.4953E-01  0.0000E+00  6.0534E-01  0.0000E+00  0.0000E+00
  7.1000E+01  2.1666E+00  7.5729E+01  1.5006E+02  1.3978E+01  2.1666E+00  7.0769E+01  1.5006E+02  1.2774E+01  8.4865E+00  2.3023E-01  1.6627E-01  0.0000E+00  5.8768E-01  0.0000E+00  0.0000E+00
  7.2000E+01  2.1666E+00  7.5729E+01  1.5006E+02  1.3978E+01  2.1666E+00  7.0769E+01  1.5006E+02  1.2774E+01  8.4865E+00  2.2212E-01  2.5024E-01  0.0000E+00  5.7139E-01  0.0000E+00  0.0000E+00
  7.3000E+01  2.1666E+00  7.5729E+01  1.5006E+02  1.3978E+01  2.1666E+00  7.0769E+01  1.5006E+02  1.2774E+01  8.4865E+00  2.1454E-01  2.3145E-01  0.0000E+00  5.5621E-01  0.0000E+00  0.0000E+00
  7.4000E+01  2.1666E+00  7.5729E+01  1.5006E+02  1.3978E+01  2.1666E+00  7.0769E+01  1.5006E+02  1.2774E+01  8.4865E+00  2.0740E-01  1.5531E-01  0.0000E+00  5.4196E-01  0.0000E+00  0.0000E+00
  7.5000E+01  2.1666E+00  7.5729E+01  1.5006E+02  1.3978E+01  2.1666E+00  7.0769E+01  1.5006E+02  1.2774E+01  8.4865E+00  2.0062E-01  2.6057E-01  0.0000E+00  5.2850E-01  0.0000E+00  0.0000E+00
  7.6000E+01  2.1666E+00  7.5729E+01  1.5006E+02  1.3978E+01  2.1666E+00  7.0769E+01  1.5006E+02  1.2774E+01  8.4865E+00  2.0458E+00  2.2247E+00  0.0000E+00  2.3574E+00  0.0000E+00  0.0000E+00
  7.7000E+01  2.1666E+00  7.5729E+01  1.5006E+02  1.3978E+01  2.1666E+00  7.0769E+01  1.5006E+02  1.2774E+01  8.4865E+00  1.7838E+00  9.8328E-01  0.0000E+00  2.2279E+00  0.0000E+00  0.0000E+00
  7.8000E+01  2.1666E+00  7.5729E+01  1.5006E+02  1.3978E+01  2.1666E+00  7.0769E+01  1.5006E+02  1.2774E+01  8.4865E+00  1.4092E+00  1.2980E+00  0.0000E+00  1.9429E+00  0.0000E+00  0.0000E+00
  7.9000E+01  2.1666E+00  7.5729E+01  1.5006E+02  1.3978E+01  2.1666E+00  7.0769E+01  1.5006E+02  1.2774E+01  8.4865E+00  1.1148E+00  6.3613E-01  0.0000E+00  1.6943E+00  0.0000E+00  0.0000E+00
  8.0000E+01  2.1666E+00  7.5729E+01  1.5006E+02  1.3978E+01  2.1666E+00  7.0769E+01  1.5006E+02  1.2774E+01  8.4865E+00  8.9695E-01  8.3523E-01  0.0000E+00  1.4928E+00  0.0000E+00  0.0000E+00
  8.1000E+01  2.1666E+00  7.5729E+01  1.5006E+02  1.3978E+01  2.1666E+00  7.0769E+01  1.5006E+02  1.2774E+01  8.4865E+00  7.3653E-01  6.9694E-01  0.0000E+00  1.3304E+00  0.0000E+00  0.0000E+00
  8.2000E+01  2.1666E+00  7.5729E+01  1.5006E+02  1.3978E+01  2.1666E+00  7.0769E+01  1.5006E+02  1.2774E+01  8.4865E+00  6.1792E-01  5.9542E-01  0.0000E+00  1.1992E+00  0.0000E+00  0.0000E+00
  8.3000E+01  2.1666E+00  7.5729E+01  1.5006E+02  1.3978E+01  2.1666E+00  7.0769E+01  1.5006E+02  1.2774E+01  8.4865E+00  5.2962E-01  7.1485E-01  0.0000E+00  1.0926E+00  0.0000E+00  0.0000E+00
  8.4000E+01  2.1666E+00  7.5729E+01  1.5006E+02  1.3978E+01  2.1666E+00  7.0769E+01  1.5006E+02  1.2774E+01  8.4865E+00  4.6328E-01  2.6653E-01  0.0000E+00  1.0055E+00  0.0000E+00  0.0000E+00
  8.5000E+01  2.1666E+00  7.5729E+01  1.5006E+02  1.3978E+01  2.1666E+00  7.0769E+01  1.5006E+02  1.2774E+01  8.4865E+00  4.1288E-01  5.5147E-01  0.0000E+00  9.3371E-01  0.0000E+00  0.0000E+00
  8.6000E+01  2.1666E+00  7.5729E+01  1.5006E+02  1.3978E+01  2.1666E+00  7.0769E+01  1.5006E+02  1.2774E+01  8.4865E+00  3.7407E-01  2.3600E-01  0.0000E+00  8.7416E-01  0.0000E+00  0.0000E+00
  8.7000E+01  2.1666E+00  7.5729E+01  1.5006E+02  1.3978E+01  2.1666E+00  7.0769E+01  1.5006E+02  1.2774E+01  8.4865E+00  3.4370E-01  3.1270E-01  0.0000E+00  8.2426E-01  0.0000E+00  0.0000E+00
  8.8000E+01  2.1666E+00  7.5729E+01  1.5006E+02  1.3978E+01  2.1666E+00  7.0769E+01  1.5006E+02  1.2774E+01  8.4865E+00  3.1951E-01  1.3212E-01  0.0000E+00  7.8204E-01  0.0000E+00  0.0000E+00
  8.9000E+01  2.1666E+00  7.5729E+01  1.5006E+02  1.3978E+01  2.1666E+00  7.0769E+01  1.5006E+02  1.2774E+01  8.4865E+00  2.9983E-01  2.4390E-01  0.0000E+00  7.4593E-01  0.0000E+00  0.0000E+00
  9.0000E+01  2.1666E+00  7.5729E+01  1.5006E+02  1.3978E+01  2.1666E+00  7.0769E+01  1.5006E+02  1.2774E+01  8.4865E+00  2.8349E-01  2.9444E-01  0.0000E+00  7.1468E-01  0.0000E+00  0.0000E+00
  9.1000E+01  2.1666E+00  7.5729E+01  1.5006E+02  1.3978E+01  2.1666E+00  7.0769E+01  1.5006E+02  1.2774E+01  8.4865E+00  2.6963E-01  2.9794E-01  0.0000E+00  6.8733E-01  0.0000E+00  0.0000E+00
  9.2000E+01  2.1666E+00  7.5729E+01  1.5006E+02  1.3978E+01  2.1666E+00  7.0769E+01  1.5006E+02  1.2774E+01  8.4865E+00  2.5761E-01  2.0704E-01  0.0000E+00  6.6310E-01  0.0000E+00  0.0000E+00
  9.3000E+01  2.1666E+00  7.5729E+01  1.5006E+02  1.3978E+01  2.1666E+00  7.0769E+01  1.5006E+02  1.2774E+01  8.4865E+00  2.4699E-01  3.3442E-01  0.0000E+00  6.4139E-01  0.0000E+00  0.0000E+00
  9.4000E+01  2.1666E+00  7.5729E+01  1.5006E+02  1.3978E+01  2.1666E+00  7.0769E+01  1.5006E+02  1.2774E+01  8.4865E+00  2.3744E-01  2.6966E-01  0.0000E+00  6.2172E-01  0.0000E+00  0.0000E+00
  9.5000E+01  2.1666E+00  7.5729E+01  1.5006E+02  1.3978E+01  2.1666E+00  7.0769E+01  1.5006E+02  1.2774E+01  8.4865E+00  2.2872E-01  2.1691E-01  0.0000E+00  6.0372E-01  0.0000E+00  0.0000E+00
  9.6000E+01  2.1666E+00  7.5729E+01  1.5006E+02  1.3978E+01  2.1666E+00  7.0769E+01  1.5006E+02  1.2774E+01  8.4865E+00  2.2066E-01  1.4359E-01  0.0000E+00  5.8707E-01  0.0000E+00  0.0000E+00
  9.7000E+01  2.1666E+00  7.5729E+01  1.5006E+02  1.3978E+01  2.1666E+00  7.0769E+01  1.5006E+02  1.2774E+01  8.4865E+00  2.1312E-01  1.9368E-01  0.0000E+00  5.7156E-01  0.0000E+00  0.0000E+00
  9.8000E+01  2.1666E+00  7.5729E+01  1.5006E+02  1.3978E+01  2.1666E+00  7.0769E+01  1.5006E+02  1.2774E+01  8.4865E+00  2.0602E-01  1.9734E-01  0.0000E+00  5.5698E-01  0.0000E+00  0.0000E+00
  9.9000E+01  2.1666E+00  7.5729E+01  1.5006E+02  1.3978E+01  2.1666E+00  7.0769E+01  1.5006E+02  1.2774E+01  8.4865E+00  1.9929E-01  2.1537E-01  0.0000E+00  5.4319E-01  0.0000E+00  0.0000E+00
  1.0000E+02  2.1666E+00  7.5729E+01  1.5006E+02  1.3978E+01  2.1666E+00  7.0769E+01  1.5006E+02  1.2774E+01  8.4865E+00  2.0445E+00  1.5293E+00  0.0000E+00  2.3718E+00  0.0000E+00  0.0000E+00
  1.0100E+02  2.1666E+00  7.5729E+01  1.5006E+02  1.3978E+01  2.1666E+00  7.0769E+01  1.5006E+02  1.2774E+01  8.4865E+00  1.7825E+00  1.8331E+00  0.0000E+00  2.2420E+00  0.0000E+00  0.0000E+00
  1.0200E+02  2.1666E+00  7.5729E+01  1.5006E+02  1.3978E+01  2.1666E+00  7.0769E+01  1.5006E+02  1.2774E+01  8.4865E+00  1.4080E+00  1.5058E+00  0.0000E+00  1.9566E+00  0.0000E+00  0.0000E+00
  1.0300E+02  2.1666E+00  7.5729E+01  1.5006E+02  1.3978E+01  2.1666E+00  7.0769E+01  1.5006E+02  1.2774E+01  8.4865E+00  1.1137E+00  1.3571E+00  0.0000E+00  1.7078E+00  0.0000E+00  0.0000E+00
  1.0400E+02  2.1666E+00  7.5729E+01  1.5006E+02  1.3978E+01  2.1666E+00  7.0769E+01  1.5006E+02  1.2774E+01  8.4865E+00  8.9582E-01  8.4892E-01  0.0000E+00  1.5060E+00  0.0000E+00  0.0000E+00
  1.0500E+02  2.1666E+00  7.5729E+01  1.5006E+02  1.3978E+01  2.1666E+00  7.0769E+01  1.5006E+02  1.2774E+01  8.4865E+00  7.3543E-01  8.6576E-01  0.0000E+00  1.3433E+00  0.0000E+00  0.0000E+00
  1.0600E+02  2.1666E+00  7.5729E+01  1.5006E+02  1.3978E+01  2.1666E+00  7.0769E+01  1.5006E+02  1.2774E+01  8.4865E+00  6.1685E-01  4.7680E-01  0.0000E+00  1.2118E+00  0.0000E+00  0.0000E+00
  1.0700E+02  2.1666E+00  7.5729E+01  1.5006E+02  1.3978E+01  2.1666E+00  7.0769E+01  1.5006E+02  1.2774E+01  8.4865E+00  5.2858E-01  6.1433E-01  0.0000E+00  1.1049E+00  0.0000E+00  0.0000E+00
  1.0800E+02  2.1666E+00  7.5729E+01  1.5006E+02  1.3978E+01  2.1666E+00  7.0769E+01  1.5006E+02  1.2774E+01  8.4865E+00  4.6227E-01  6.5213E-01  0.0000E+00  1.0175E+00  0.0000E+00  0.0000E+00
  1.0900E+02  2.1666E+00  7.5729E+01  1.5006E+02  1.3978E+01  2.1666E+00  7.0769E+01  1.5006E+02  1.2774E+01  8.4865E+00  4.1191E-01  3.3246E-01  0.0000E+00  9.4552E-01  0.0000E+00  0.0000E+00
  1.1000E+02  2.1666E+00  7.5729E+01  1.5006E+02  1.3978E+01  2.1666E+00  7.0769E+01  1.5006E+02  1.2774E+01  8.4865E+00  3.7313E-01  2.9147E-01  0.0000E+00  8.8571E-01  0.0000E+00  0.0000E+00
  1.1100E+02  2.1666E+00  7.5729E+01  1.5006E+02  1.3978E+01  2.1666E+00  7.0769E+01  1.5006E+02  1.2774E+01  8.4865E+00  3.4279E-01  1.8344E-01  0.0000E+00  8.3557E-01  0.0000E+00  0.0000E+00
  1.1200E+02  2.1666E+00  7.5729E+01  1.5006E+02  1.3978E+01  2.1666E+00  7.0769E+01  1.5006E+02  1.2774E+01  8.4865E+00  3.1862E-01  3.1198E-01  0.0000E+00  7.9311E-01  0.0000E+00  0.0000E+00
  1.1300E+02  2.1666E+00  7.5729E+01  1.5006E+02  1.3978E+01  2.1666E+00  7.0769E+01  1.5006E+02  1.2774E+01  8.4865E+00  2.9897E-01  4.0345E-01  0.0000E+00  7.5675E-01  0.0000E+00  0.0000E+00
  1.1400E+02  2.1666E+00  7.5729E+01  1.5006E+02  1.3978E+01  2.1666E+00  7.0769E+01  1.5006E+02  1.2774E+01  8.4865E+00  2.8266E-01  2.3029E-01  0.0000E+00  7.2527E-01  0.0000E+00  0.0000E+00
  1.1500E+02  2.1666E+00  7.5729E+01  1.5006E+02  1.3978E+01  2.1666E+00  7.0769E+01  1.5006E+02  1.2774E+01  8.4865E+00  2.6882E-01  3.1557E-01  0.0000E+00  6.9769E-01  0.0000E+00  0.0000E+00
  1.1600E+02  2.1666E+00  7.5729E+01  1.5006E+02  1.3978E+01  2.1666E+00  7.0769E+01  1.5006E+02  1.2774E+01  8.4865E+00  2.5683E-01  3.7716E-01  0.0000E+00  6.7324E-01  0.0000E+00  0.0000E+00
  1.1700E+02  2.1666E+00  7.5729E+01  1.5006E+02  1.3978E+01  2.1666E+00  7.0769E+01  1.5006E+02  1.2774E+01  8.4865E+00  2.4623E-01  3.1320E-01  0.0000E+00  6.5131E-01  0.0000E+00  0.0000E+00
  1.1800E+02  2.1666E+00  7.5729E+01  1.5006E+02  1.3978E+01  2.1666E+00  7.0769E+01  1.5006E+02  1.2774E+01  8.4865E+00  2.3671E-01  2.5740E-01  0.0000E+00  6.3143E-01  0.0000E+00  0.0000E+00
  1.1900E+02  2.1666E+00  7.5729E+01  1.5006E+02  1.3978E+01  2.1666E+00  7.0769E+01  1.5006E+02  1.2774E+01  8.4865E+00  2.2801E-01  1.6063E-01  0.0000E+00  6.1321E-01  0.0000E+00  0.0000E+00
  1.2000E+02  2.1666E+00  7.5729E+01  1.5006E+02  1.3978E+01  2.1666E+00  7.0769E+01  1.5006E+02  1.2774E+01  8.4865E+00  2.1997E-01  2.1854E-01  0.0000E+00  5.9636E-01  0.0000E+00  0.0000E+00
  1.2100E+02  2.1666E+00  7.5729E+01  1.5006E+02  1.3978E+01  2.1666E+00  7.0769E+01  1.5006E+02  1.2774E+01  8.4865E+00  2.1246E-01  1.5429E-01  0.0000E+00  5.8065E-01  0.0000E+00  0.0000E+00
  1.2200E+02  2.1666E+00  7.5729E+01  1.5006E+02  1.3978E+01  2.1666E+00  7.0769E+01  1.5006E+02  1.2774E+01  8.4865E+00  2.0538E-01  1.9367E-01  0.0000E+00  5.6587E-01  0.0000E+00  0.0000E+00
  1.2300E+02  2.1666E+00  7.5729E+01  1.5006E+02  1.3978E+01  2.1666E+00  7.0769E+01  1.5006E+02  1.2774E+01  8.4865E+00  1.9866E-01  3.0654E-01  0.0000E+00  5.5189E-01  0.0000E+00  0.0000E+00
  1.2400E+02  2.1666E+00  7.5729E+01  1.5006E+02  1.3978E+01  2.1666E+00  7.0769E+01  1.5006E+02  1.2774E+01  8.4865E+00  2.0439E+00  2.1648E+00  0.0000E+00  2.3803E+00  0.0000E+00  0.0000E+00
  1.2500E+02  2.1666E+00  7.5729E+01  1.5006E+02  1.3978E+01  2.1666E+00  7.0769E+01  1.5006E+02  1.2774E+01  8.4865E+00  1.7819E+00  1.7269E+00  0.0000E+00  2.2503E+00  0.0000E+00  0.0000E+00
  1.2600E+02  2.1666E+00  7.5729E+01  1.5006E+02  1.3978E+01  2.1666E+00  7.0769E+01  1.5006E+02  1.2774E+01  8.4865E+00  1.4074E+00  1.8496E+00  0.0000E+00  1.9648E+00  0.0000E+00  0.0000E+00
  1.2700E+02  2.1666E+00  7.5729E+01  1.5006E+02  1.3978E+01  2.1666E+00  7.0769E+01  1.5006E+02  1.2774E+01  8.4865E+00  1.1131E+00  1.1566E+00  0.0000E+00  1.7158E+00  0.0000E+00  0.0000E+00
  1.2800E+02  2.1666E+00  7.5729E+01  1.5006E+02  1.3978E+01  2.1666E+00  7.0769E+01  1.5006E+02  1.2774E+01  8.4865E+00  8.9528E-01  1.1571E+00  0.0000E+00  1.5138E+00  0.0000E+00  0.0000E+00
  1.2900E+02  2.1666E+00  7.5729E+01  1.5006E+02  1.3978E+01  2.1666E+00  7.0769E+01  1.5006E+02  1.2774E+01  8.4865E+00  7.3491E-01  3.7352E-01  0.0000E+00  1.3509E+00  0.0000E+00  0.0000E+00
  1.3000E+02  2.1666E+00  7.5729E+01  1.5006E+02  1.3978E+01  2.1666E+00  7.0769E+01  1.5006E+02  1.2774E+01  8.4865E+00  6.1635E-01  3.8701E-01  0.0000E+00  1.2193E+00  0.0000E+00  0.0000E+00
  1.3100E+02  2.1666E+00  7.5729E+01  1.5006E+02  1.3978E+01  2.1666E+00  7.0769E+01  1.5006E+02  1.2774E+01  8.4865E+00  5.2809E-01  2.9226E-01  0.0000E+00  1.1122E+00  0.0000E+00  0.0000E+00
  1.3200E+02  2.1666E+00  7.5729E+01  1.5006E+02  1.3978E+01  2.1666E+00  7.0769E+01  1.5006E+02  1.2774E+01  8.4865E+00  4.6180E-01  4.5625E-01  0.0000E+00  1.0247E+00  0.0000E+00  0.0000E+00
  1.3300E+02  2.1666E+00  7.5729E+01  1.5006E+02  1.3978E+01  2.1666E+00  7.0769E+01  1.5006E+02  1.2774E+01  8.4865E+00  4.1145E-01  4.7373E-01  0.0000E+00  9.5252E-01  0.0000E+00  0.0000E+00
  1.3400E+02  2.1666E+00  7.5729E+01  1.5006E+02  1.3978E+01  2.1666E+00  7.0769E+01  1.5006E+02  1.2774E+01  8.4865E+00  3.7268E-01  4.2902E-01  0.0000E+00  8.9256E-01  0.0000E+00  0.0000E+00
  1.3500E+02  2.1666E+00  7.5729E+01  1.5006E+02  1.3978E+01  2.1666E+00  7.0769E+01  1.5006E+02  1.2774E+01  8.4865E+00  3.4236E-01  3.9678E-01  0.0000E+00  8.4227E-01  0.0000E+00  0.0000E+00
  1.3600E+02  2.1666E+00  7.5729E+01  1.5006E+02  1.3978E+01  2.1666E+00  7.0769E+01  1.5006E+02  1.2774E+01  8.4865E+00  3.1820E-01  1.6299E-01  0.0000E+00  7.9966E-01  0.0000E+00  0.0000E+00
  1.3700E+02  2.1666E+00  7.5729E+01  1.5006E+02  1.3978E+01  2.1666E+00  7.0769E+01  1.5006E+02  1.2774E+01  8.4865E+00  2.9857E-01  2.2298E-01  0.0000E+00  7.6316E-01  0.0000E+00  0.0000E+00
  1.3800E+02  2.1666E+00  7.5729E+01  1.5006E+02  1.3978E+01  2.1666E+00  7.0769E+01  1.5006E+02  1.2774E+01  8.4865E+00  2.8227E-01  1.5622E-01  0.0000E+00  7.3154E-01  0.0000E+00  0.0000E+00
  1.3900E+02  2.1666E+00  7.5729E+01  1.5006E+02  1.3978E+01  2.1666E+00  7.0769E+01  1.5006E+02  1.2774E+01  8.4865E+00  2.6844E-01  2.2579E-01  0.0000E+00  7.0383E-01  0.0000E+00  0.0000E+00
  1.4000E+02  2.1666E+00  7.5729E+01  1.5006E+02  1.3978E+01  2.1666E+00  7.0769E+01  1.5006E+02  1.2774E+01  8.4865E+00  2.5646E-01  2.2011E-01  0.0000E+00  6.7924E-01  0.0000E+00  0.0000E+00
  1.4100E+02  2.1666E+00  7.5729E+01  1.5006E+02  1.3978E+01  2.1666E+00  7.0769E+01  1.5006E+02  1.2774E+01  8.4865E+00  2.4588E-01  2.3742E-01  0.0000E+00  6.5718E-01  0.0000E+00  0.0000E+00
  1.4200E+02  2.1666E+00  7.5729E+01  1.5006E+02  1.3978E+01  2.1666E+00  7.0769E+01  1.5006E+02  1.2774E+01  8.4865E+00  2.3636E-01  3.9414E-01  0.0000E+00  6.3718E-01  0.0000E+00  0.0000E+00
  1.4300E+02  2.1666E+00  7.5729E+01  1.5006E+02  1.3978E+01  2.1666E+00  7.0769E+01  1.5006E+02  1.2774E+01  8.4865E+00  2.2768E-01  2.6939E-01  0.0000E+00  6.1883E-01  0.0000E+00  0.0000E+00
  1.4400E+02  2.1666E+00  7.5729E+01  1.5006E+02  1.3978E+01  2.1666E+00  7.0769E+01  1.5006E+02  1.2774E+01  8.4865E+00  2.1965E-01  2.3082E-01  0.0000E+00  6.0186E-01  0.0000E+00  0.0000E+00
  1.4500E+02  2.1666E+00  7.5729E+01  1.5006E+02  1.3978E+01  2.1666E+00  7.0769E+01  1.5006E+02  1.2774E+01  8.4865E+00  2.1214E-01  2.1484E-01  0.0000E+00  5.8603E-01  0.0000E+00  0.0000E+00
  1.4600E+02  2.1666E+00  7.5729E+01  1.5006E+02  1.3978E+01  2.1666E+00  7.0769E+01  1.5006E+02  1.2774E+01  8.4865E+00  2.0507E-01  2.0193E-01  0.0000E+00  5.7114E-01  0.0000E+00  0.0000E+00
  1.4700E+02  2.1666E+00  7.5729E+01  1.5006E+02  1.3978E+01  2.1666E+00  7.0769E+01  1.5006E+02  1.2774E+01  8.4865E+00  1.9836E-01  2.0345E-01  0.0000E+00  5.5704E-01  0.0000E+00  0.0000E+00
  1.4800E+02  2.1666E+00  7.5729E+01  1.5006E+02  1.3978E+01  2.1666E+00  7.0769E+01  1.5006E+02  1.2774E+01  8.4865E+00  2.0436E+00  2.7230E+00  0.0000E+00  2.3853E+00  0.0000E+00  0.0000E+00
  1.4900E+02  2.1666E+00  7.5729E+01  1.5006E+02  1.3978E+01  2.1666E+00  7.0769E+01  1.5006E+02  1.2774E+01  8.4865E+00  1.7817E+00  8.6505E-01  0.0000E+00  2.2552E+00  0.0000E+00  0.0000E+00
  1.5000E+02  2.1666E+00  7.5729E+01  1.5006E+02  1.3978E+01  2.1666E+00  7.0769E+01  1.5006E+02  1.2774E+01  8.4865E+00  1.4072E+00  8.9336E-01  0.0000E+00  1.9696E+00  0.0000E+00  0.0000E+00
  1.5100E+02  2.1666E+00  7.5729E+01  1.5006E+02  1.3978E+01  2.1666E+00  7.0769E+01  1.5006E+02  1.2774E+01  8.4865E+00  1.1128E+00  1.0716E+00  0.0000E+00  1.7205E+00  0.0000E+00  0.0000E+00
  1.5200E+02  2.1666E+00  7.5729E+01  1.5006E+02  1.3978E+01  2.1666E+00  7.0769E+01  1.5006E+02  1.2774E+01  8.4865E+00  8.9503E-01  1.2555E+00  0.0000E+00  1.5184E+00  0.0000E+00  0.0000E+00
  1.5300E+02  2.1666E+00  7.5729E+01  1.5006E+02  1.3978E+01  2.1666E+00  7.0769E+01  1.5006E+02  1.2774E+01  8.4865E+00  7.3466E-01  6.7622E-01  0.0000E+00  1.3555E+00  0.0000E+00  0.0000E+00
  1.5400E+02  2.1666E+00  7.5729E+01  1.5006E+02  1.3978E+01  2.1666E+00  7.0769E+01  1.5006E+02  1.2774E+01  8.4865E+00  6.1611E-01  4.4974E-01  0.0000E+00  1.2237E+00  0.0000E+00  0.0000E+00
  1.5500E+02  2.1666E+00  7.5729E+01  1.5006E+02  1.3978E+01  2.1666E+00  7.0769E+01  1.5006E+02  1.2774E+01  8.4865E+00  5.2786E-01  5.0049E-01  0.0000E+00  1.1166E+00  0.0000E+00  0.0000E+00
  1.5600E+02  2.1666E+00  7.5729E+01  1.5006E+02  1.3978E+01  2.1666E+00  7.0769E+01  1.5006E+02  1.2774E+01  8.4865E+00  4.6158E-01  5.4790E-01  0.0000E+00  1.0289E+00  0.0000E+00  0.0000E+00
  1.5700E+02  2.1666E+00  7.5729E+01  1.5006E+02  1.3978E+01  2.1666E+00  7.0769E+01  1.5006E+02  1.2774E+01  8.4865E+00  4.1123E-01  4.7058E-01  0.0000E+00  9.5666E-01  0.0000E+00  0.0000E+00
  1.5800E+02  2.1666E+00  7.5729E+01  1.5006E+02  1.3978E+01  2.1666E+00  7.0769E+01  1.5006E+02  1.2774E+01  8.4865E+00  3.7248E-01  5.6022E-01  0.0000E+00  8.9661E-01  0.0000E+00  0.0000E+00
  1.5900E+02  2.1666E+00  7.5729E+01  1.5006E+02  1.3978E+01  2.1666E+00  7.0769E+01  1.5006E+02  1.2774E+01  8.4865E+00  3.4216E-01  2.3240E-01  0.0000E+00  8.4623E-01  0.0000E+00  0.0000E+00
  1.6000E+02  2.1666E+00  7.5729E+01  1.5006E+02  1.3978E+01  2.1666E+00  7.0769E+01  1.5006E+02  1.2774E+01  8.4865E+00  3.1801E-01  2.4976E-01  0.0000E+00  8.0354E-01  0.0000E+00  0.0000E+00
  1.6100E+02  2.1666E+00  7.5729E+01  1.5006E+02  1.3978E+01  2.1666E+00  7.0769E+01  1.5006E+02  1.2774E+01  8.4865E+00  2.9838E-01  2.9065E-01  0.0000E+00  7.6696E-01  0.0000E+00  0.0000E+00
  1.6200E+02  2.1666E+00  7.5729E+01  1.5006E+02  1.3978E+01  2.1666E+00  7.0769E+01  1.5006E+02  1.2774E+01  8.4865E+00  2.8208E-01  3.4871E-01  0.0000E+00  7.3526E-01  0.0000E+00  0.0000E+00
  1.6300E+02  2.1666E+00  7.5729E+01  1.5006E+02  1.3978E+01  2.1666E+00  7.0769E+01  1.5006E+02  1.2774E+01  8.4865E+00  2.6826E-01  2.2400E-01  0.0000E+00  7.0746E-01  0.0000E+00  0.0000E+00
  1.6400E+02  2.1666E+00  7.5729E+01  1.5006E+02  1.3978E+01  2.1666E+00  7.0769E+01  1.5006E+02  1.2774E+01  8.4865E+00  2.5629E-01  2.3129E-01  0.0000E+00  6.8280E-01  0.0000E+00  0.0000E+00
  1.6500E+02  2.1666E+00  7.5729E+01  1.5006E+02  1.3978E+01  2.1666E+00  7.0769E+01  1.5006E+02  1.2774E+01  8.4865E+00  2.4571E-01  1.1049E-01  0.0000E+00  6.6066E-01  0.0000E+00  0.0000E+00
  1.6600E+02  2.1666E+00  7.5729E+01  1.5006E+02  1.3978E+01  2.1666E+00  7.0769E+01  1.5006E+02  1.2774E+01  8.4865E+00  2.3620E-01  1.4450E-01  0.0000E+00  6.4058E-01  0.0000E+00  0.0000E+00
  1.6700E+02  2.1666E+00  7.5729E+01  1.5006E+02  1.3978E+01  2.1666E+00  7.0769E+01  1.5006E+02  1.2774E+01  8.4865E+00  2.2752E-01  3.1045E-01  0.0000E+00  6.2216E-01  0.0000E+00  0.0000E+00
  1.6800E+02  2.1666E+00  7.5729E+01  1.5006E+02  1.3978E+01  2.1666E+00  7.0769E+01  1.5006E+02  1.2774E+01  8.4865E+00  2.1949E-01  1.9345E-01  0.0000E+00  6.0512E-01  0.0000E+00  0.0000E+00
  1.6900E+02  2.1666E+00  7.5729E+01  1.5006E+02  1.3978E+01  2.1666E+00  7.0769E+01  1.5006E+02  1.2774E+01  8.4865E+00  2.1199E-01  2.4752E-01  0.0000E+00  5.8922E-01  0.0000E+00  0.0000E+00
  1.7000E+02  2.1666E+00  7.5729E+01  1.5006E+02  1.3978E+01  2.1666E+00  7.0769E+01  1.5006E+02  1.2774E+01  8.4865E+00  2.0493E-01  1.6210E-01  0.0000E+00  5.7426E-01  0.0000E+00  0.0000E+00
  1.7100E+02  2.1666E+00  7.5729E+01  1.5006E+02  1.3978E+01  2.1666E+00  7.0769E+01  1.5006E+02  1.2774E+01  8.4865E+00  1.9822E-01  1.9660E-01  0.0000E+00  5.6009E-01  0.0000E+00  0.0000E+00
  1.0000E+00  2.1666E+00  7.5729E+01  1.5006E+02  1.3978E+01  2.1666E+00  5.4114E+01  1.5006E+02  6.9678E+00  8.4865E+00  0.0000E+00  0.0000E+00  0.0000E+00  0.0000E+00  0.0000E+00  0.0000E+00
  2.0000E+00  2.1666E+00  7.5729E+01  1.5006E+02  1.3978E+01  2.1666E+00  5.4114E+01  1.5006E+02  6.9678E+00  8.4865E+00  0.0000E+00  0.0000E+00  0.0000E+00  0.0000E+00  0.0000E+00  0.0000E+00
  3.0000E+00  2.1666E+00  7.5729E+01  1.5006E+02  1.3978E+01  2.1666E+00  5.4114E+01  1.5006E+02  6.9678E+00  8.4865E+00  4.4848E+00  6.0245E+00  0.0000E+00  3.4452E+00  0.0000E+00  0.0000E+00
  4.0000E+00  2.1666E+00  7.5729E+01  1.5006E+02  1.3978E+01  2.1666E+00  5.4114E+01  1.5006E+02  6.9678E+00  8.4865E+00  3.9244E+00  3.7274E+00  0.0000E+00  3.3138E+00  0.0000E+00  0.0000E+00
  5.0000E+00  2.1666E+00  7.5729E+01  1.5006E+02  1.3978E+01  2.1666E+00  5.4114E+01  1.5006E+02  6.9678E+00  8.4865E+00  3.0762E+00  2.5993E+00  0.0000E+00  2.8717E+00  0.0000E+00  0.0000E+00
  6.0000E+00  2.1666E+00  7.5729E+01  1.5006E+02  1.3978E+01  2.1666E+00  5.4114E+01  1.5006E+02  6.9678E+00  8.4865E+00  2.4061E+00  2.2500E+00  0.0000E+00  2.4741E+00  0.0000E+00  0.0000E+00
  7.0000E+00  2.1666E+00  7.5729E+01  1.5006E+02  1.3978E+01  2.1666E+00  5.4114E+01  1.5006E+02  6.9678E+00  8.4865E+00  1.9097E+00  1.2070E+00  0.0000E+00  2.1462E+00  0.0000E+00  0.0000E+00
  8.0000E+00  2.1666E+00  7.5729E+01  1.5006E+02  1.3978E+01  2.1666E+00  5.4114E+01  1.5006E+02  6.9678E+00  8.4865E+00  1.5447E+00  1.1687E+00  0.0000E+00  1.8786E+00  0.0000E+00  0.0000E+00
  9.0000E+00  2.1666E+00  7.5729E+01  1.5006E+02  1.3978E+01  2.1666E+00  5.4114E+01  1.5006E+02  6.9678E+00  8.4865E+00  1.2759E+00  5.9327E-01  0.0000E+00  1.6601E+00  0.0000E+00  0.0000E+00
  1.0000E+01  2.1666E+00  7.5729E+01  1.5006E+02  1.3978E+01  2.1666E+00  5.4114E+01  1.5006E+02  6.9678E+00  8.4865E+00  1.0771E+00  1.2089E+00  0.0000E+00  1.4814E+00  0.0000E+00  0.0000E+00
  1.1000E+01  2.1666E+00  7.5729E+01  1.5006E+02  1.3978E+01  2.1666E+00  5.4114E+01  1.5006E+02  6.9678E+00  8.4865E+00  9.2924E-01  1.3332E+00  0.0000E+00  1.3348E+00  0.0000E+00  0.0000E+00
  1.2000E+01  2.1666E+00  7.5729E+01  1.5006E+02  1.3978E+01  2.1666E+00  5.4114E+01  1.5006E+02  6.9678E+00  8.4865E+00  8.1851E-01  9.6419E-01  0.0000E+00  1.2142E+00  0.0000E+00  0.0000E+00
  1.3000E+01  2.1666E+00  7.5729E+01  1.5006E+02  1.3978E+01  2.1666E+00  5.4114E+01  1.5006E+02  6.9678E+00  8.4865E+00  7.3482E-01  8.6120E-01  0.0000E+00  1.1146E+00  0.0000E+00  0.0000E+00
  1.4000E+01  2.1666E+00  7.5729E+01  1.5006E+02  1.3978E+01  2.1666E+00  5.4114E+01  1.5006E+02  6.9678E+00  8.4865E+00  6.7085E-01  8.5655E-01  0.0000E+00  1.0320E+00  0.0000E+00  0.0000E+00
  1.5000E+01  2.1666E+00  7.5729E+01  1.5006E+02  1.3978E+01  2.1666E+00  5.4114E+01  1.5006E+02  6.9678E+00  8.4865E+00  6.2128E-01  7.7752E-01  0.0000E+00  9.6318E-01  0.0000E+00  0.0000E+00
  1.6000E+01  2.1666E+00  7.5729E+01  1.5006E+02  1.3978E+01  2.1666E+00  5.4114E+01  1.5006E+02  6.9678E+00  8.4865E+00  5.8225E-01  4.6214E-01  0.0000E+00  9.0553E-01  0.0000E+00  0.0000E+00
  1.7000E+01  2.1666E+00  7.5729E+01  1.5006E+02  1.3978E+01  2.1666E+00  5.4114E+01  1.5006E+02  6.9678E+00  8.4865E+00  5.5094E-01  3.6780E-01  0.0000E+00  8.5691E-01  0.0000E+00  0.0000E+00
  1.8000E+01  2.1666E+00  7.5729E+01  1.5006E+02  1.3978E+01  2.1666E+00  5.4114E+01  1.5006E+02  6.9678E+00  8.4865E+00  5.2530E-01  3.4262E-01  0.0000E+00  8.1563E-01  0.0000E+00  0.0000E+00
  1.9000E+01  2.1666E+00  7.5729E+01  1.5006E+02  1.3978E+01  2.1666E+00  5.4114E+01  1.5006E+02  6.9678E+00  8.4865E+00  5.0386E-01  3.8275E-01  0.0000E+00  7.8030E-01  0.0000E+00  0.0000E+00
  2.0000E+01  2.1666E+00  7.5729E+01  1.5006E+02  1.3978E+01  2.1666E+00  5.4114E+01  1.5006E+02  6.9678E+00  8.4865E+00  4.8552E-01  4.8822E-01  0.0000E+00  7.4980E-01  0.0000E+00  0.0000E+00
  2.1000E+01  2.1666E+00  7.5729E+01  1.5006E+02  1.3978E+01  2.1666E+00  5.4114E+01  1.5006E+02  6.9678E+00  8.4865E+00  4.6951E-01  3.5479E-01  0.0000E+00  7.2325E-01  0.0000E+00  0.0000E+00
  2.2000E+01  2.1666E+00  7.5729E+01  1.5006E+02  1.3978E+01  2.1666E+00  5.4114E+01  1.5006E+02  6.9678E+00  8.4865E+00  4.5524E-01  4.0015E-01  0.0000E+00  6.9991E-01  0.0000E+00  0.0000E+00
  2.3000E+01  2.1666E+00  7.5729E+01  1.5006E+02  1.3978E+01  2.1666E+00  5.4114E+01  1.5006E+02  6.9678E+00  8.4865E+00  4.4230E-01  2.3246E-01  0.0000E+00  6.7919E-01  0.0000E+00  0.0000E+00
  2.4000E+01  2.1666E+00  7.5729E+01  1.5006E+02  1.3978E+01  2.1666E+00  5.4114E+01  1.5006E+02  6.9678E+00  8.4865E+00  4.3038E-01  5.0227E-01  0.0000E+00  6.6062E-01  0.0000E+00  0.0000E+00
  2.5000E+01  2.1666E+00  7.5729E+01  1.5006E+02  1.3978E+01  2.1666E+00  5.4114E+01  1.5006E+02  6.9678E+00  8.4865E+00  4.1926E-01  4.5628E-01  0.0000E+00  6.4382E-01  0.0000E+00  0.0000E+00
  2.6000E+01  2.1666E+00  7.5729E+01  1.5006E+02  1.3978E+01  2.1666E+00  5.4114E+01  1.5006E+02  6.9678E+00  8.4865E+00  4.0878E-01  4.2636E-01  0.0000E+00  6.2847E-01  0.0000E+00  0.0000E+00
  2.7000E+01  2.1666E+00  7.5729E+01  1.5006E+02  1.3978E+01  2.1666E+00  5.4114E+01  1.5006E+02  6.9678E+00  8.4865E+00  4.0878E-01  6.0127E-01  0.0000E+00  6.2847E-01  0.0000E+00  0.0000E+00
  2.8000E+01  2.1666E+00  7.5729E+01  1.5006E+02  1.3978E+01  2.1666E+00  5.4114E+01  1.5006E+02  6.9678E+00  8.4865E+00  2.6412E+00  2.2824E+00  0.0000E+00  2.3369E+00  0.0000E+00  0.0000E+00
  2.9000E+01  2.1666E+00  7.5729E+01  1.5006E+02  1.3978E+01  2.1666E+00  5.4114E+01  1.5006E+02  6.9678E+00  8.4865E+00  2.3515E+00  2.2226E+00  0.0000E+00  2.2581E+00  0.0000E+00  0.0000E+00
  3.0000E+01  2.1666E+00  7.5729E+01  1.5006E+02  1.3978E+01  2.1666E+00  5.4114E+01  1.5006E+02  6.9678E+00  8.4865E+00  1.9182E+00  1.4613E+00  0.0000E+00  2.0247E+00  0.0000E+00  0.0000E+00
  3.1000E+01  2.1666E+00  7.5729E+01  1.5006E+02  1.3978E+01  2.1666E+00  5.4114E+01  1.5006E+02  6.9678E+00  8.4865E+00  1.5743E+00  8.1121E-01  0.0000E+00  1.8143E+00  0.0000E+00  0.0000E+00
  3.2000E+01  2.1666E+00  7.5729E+01  1.5006E+02  1.3978E+01  2.1666E+00  5.4114E+01  1.5006E+02  6.9678E+00  8.4865E+00  1.3175E+00  1.2008E+00  0.0000E+00  1.6393E+00  0.0000E+00  0.0000E+00
  3.3000E+01  2.1666E+00  7.5729E+01  1.5006E+02  1.3978E+01  2.1666E+00  5.4114E+01  1.5006E+02  6.9678E+00  8.4865E+00  1.1267E+00  9.4877E-01  0.0000E+00  1.4950E+00  0.0000E+00  0.0000E+00
  3.4000E+01  2.1666E+00  7.5729E+01  1.5006E+02  1.3978E+01  2.1666E+00  5.4114E+01  1.5006E+02  6.9678E+00  8.4865E+00  9.8419E-01  1.2510E+00  0.0000E+00  1.3757E+00  0.0000E+00  0.0000E+00
  3.5000E+01  2.1666E+00  7.5729E+01  1.5006E+02  1.3978E+01  2.1666E+00  5.4114E+01  1.5006E+02  6.9678E+00  8.4865E+00  8.7691E-01  7.9224E-01  0.0000E+00  1.2766E+00  0.0000E+00  0.0000E+00
  3.6000E+01  2.1666E+00  7.5729E+01  1.5006E+02  1.3978E+01  2.1666E+00  5.4114E+01  1.5006E+02  6.9678E+00  8.4865E+00  7.9530E-01  1.4607E+00  0.0000E+00  1.1939E+00  0.0000E+00  0.0000E+00
  3.7000E+01  2.1666E+00  7.5729E+01  1.5006E+02  1.3978E+01  2.1666E+00  5.4114E+01  1.5006E+02  6.9678E+00  8.4865E+00  7.3244E-01  6.6808E-01  0.0000E+00  1.1246E+00  0.0000E+00  0.0000E+00
  3.8000E+01  2.1666E+00  7.5729E+01  1.5006E+02  1.3978E+01  2.1666E+00  5.4114E+01  1.5006E+02  6.9678E+00  8.4865E+00  6.8328E-01  2.9040E-01  0.0000E+00  1.0659E+00  0.0000E+00  0.0000E+00
  3.9000E+01  2.1666E+00  7.5729E+01  1.5006E+02  1.3978E+01  2.1666E+00  5.4114E+01  1.5006E+02  6.9678E+00  8.4865E+00  6.4415E-01  5.0373E-01  0.0000E+00  1.0161E+00  0.0000E+00  0.0000E+00
  4.0000E+01  2.1666E+00  7.5729E+01  1.5006E+02  1.3978E+01  2.1666E+00  5.4114E+01  1.5006E+02  6.9678E+00  8.4865E+00  6.1239E-01  7.5601E-01  0.0000E+00  9.7329E-01  0.0000E+00  0.0000E+00
  4.1000E+01  2.1666E+00  7.5729E+01  1.5006E+02  1.3978E+01  2.1666E+00  5.4114E+01  1.5006E+02  6.9678E+00  8.4865E+00  5.8606E-01  7.7971E-01  0.0000E+00  9.3627E-01  0.0000E+00  0.0000E+00
  4.2000E+01  2.1666E+00  7.5729E+01  1.5006E+02  1.3978E+01  2.1666E+00  5.4114E+01  1.5006E+02  6.9678E+00  8.4865E+00  5.6374E-01  4.7097E-01  0.0000E+00  9.0396E-01  0.0000E+00  0.0000E+00
  4.3000E+01  2.1666E+00  7.5729E+01  1.5006E+02  1.3978E+01  2.1666E+00  5.4114E+01  1.5006E+02  6.9678E+00  8.4865E+00  5.4442E-01  7.0624E-01  0.0000E+00  8.7549E-01  0.0000E+00  0.0000E+00
  4.4000E+01  2.1666E+00  7.5729E+01  1.5006E+02  1.3978E+01  2.1666E+00  5.4114E+01  1.5006E+02  6.9678E+00  8.4865E+00  5.2734E-01  3.5988E-01  0.0000E+00  8.5014E-01  0.0000E+00  0.0000E+00
  4.5000E+01  2.1666E+00  7.5729E+01  1.5006E+02  1.3978E+01  2.1666E+00  5.4114E+01  1.5006E+02  6.9678E+00  8.4865E+00  5.1196E-01  5.3642E-01  0.0000E+00  8.2737E-01  0.0000E+00  0.0000E+00
  4.6000E+01  2.1666E+00  7.5729E+01  1.5006E+02  1.3978E+01  2.1666E+00  5.4114E+01  1.5006E+02  6.9678E+00  8.4865E+00  4.9788E-01  6.2347E-01  0.0000E+00  8.0670E-01  0.0000E+00  0.0000E+00
  4.7000E+01  2.1666E+00  7.5729E+01  1.5006E+02  1.3978E+01  2.1666E+00  5.4114E+01  1.5006E+02  6.9678E+00  8.4865E+00  4.8481E-01  4.5039E-01  0.0000E+00  7.8778E-01  0.0000E+00  0.0000E+00
  4.8000E+01  2.1666E+00  7.5729E+01  1.5006E+02  1.3978E+01  2.1666E+00  5.4114E+01  1.5006E+02  6.9678E+00  8.4865E+00  4.7254E-01  4.5874E-01  0.0000E+00  7.7030E-01  0.0000E+00  0.0000E+00
  4.9000E+01  2.1666E+00  7.5729E+01  1.5006E+02  1.3978E+01  2.1666E+00  5.4114E+01  1.5006E+02  6.9678E+00  8.4865E+00  4.6092E-01  3.7594E-01  0.0000E+00  7.5402E-01  0.0000E+00  0.0000E+00
  5.0000E+01  2.1666E+00  7.5729E+01  1.5006E+02  1.3978E+01  2.1666E+00  5.4114E+01  1.5006E+02  6.9678E+00  8.4865E+00  4.4982E-01  6.1459E-01  0.0000E+00  7.3875E-01  0.0000E+00  0.0000E+00
  5.1000E+01  2.1666E+00  7.5729E+01  1.5006E+02  1.3978E+01  2.1666E+00  5.4114E+01  1.5006E+02  6.9678E+00  8.4865E+00  4.3916E-01  4.6814E-01  0.0000E+00  7.2431E-01  0.0000E+00  0.0000E+00
  5.2000E+01  2.1666E+00  7.5729E+01  1.5006E+02  1.3978E+01  2.1666E+00  5.4114E+01  1.5006E+02  6.9678E+00  8.4865E+00  2.6713E+00  1.9275E+00  0.0000E+00  2.4332E+00  0.0000E+00  0.0000E+00
  5.3000E+01  2.1666E+00  7.5729E+01  1.5006E+02  1.3978E+01  2.1666E+00  5.4114E+01  1.5006E+02  6.9678E+00  8.4865E+00  2.3811E+00  2.5431E+00  0.0000E+00  2.3544E+00  0.0000E+00  0.0000E+00
  5.4000E+01  2.1666E+00  7.5729E+01  1.5006E+02  1.3978E+01  2.1666E+00  5.4114E+01  1.5006E+02  6.9678E+00  8.4865E+00  1.9474E+00  2.6956E+00  0.0000E+00  2.1208E+00  0.0000E+00  0.0000E+00
  5.5000E+01  2.1666E+00  7.5729E+01  1.5006E+02  1.3978E+01  2.1666E+00  5.4114E+01  1.5006E+02  6.9678E+00  8.4865E+00  1.6030E+00  1.4640E+00  0.0000E+00  1.9098E+00  0.0000E+00  0.0000E+00
  5.6000E+01  2.1666E+00  7.5729E+01  1.5006E+02  1.3978E+01  2.1666E+00  5.4114E+01  1.5006E+02  6.9678E+00  8.4865E+00  1.3456E+00  1.2254E+00  0.0000E+00  1.7342E+00  0.0000E+00  0.0000E+00
  5.7000E+01  2.1666E+00  7.5729E+01  1.5006E+02  1.3978E+01  2.1666E+00  5.4114E+01  1.5006E+02  6.9678E+00  8.4865E+00  1.1543E+00  1.0831E+00  0.0000E+00  1.5890E+00  0.0000E+00  0.0000E+00
  5.8000E+01  2.1666E+00  7.5729E+01  1.5006E+02  1.3978E+01  2.1666E+00  5.4114E+01  1.5006E+02  6.9678E+00  8.4865E+00  1.0112E+00  8.7229E-01  0.0000E+00  1.4687E+00  0.0000E+00  0.0000E+00
  5.9000E+01  2.1666E+00  7.5729E+01  1.5006E+02  1.3978E+01  2.1666E+00  5.4114E+01  1.5006E+02  6.9678E+00  8.4865E+00  9.0334E-01  1.1936E+00  0.0000E+00  1.3686E+00  0.0000E+00  0.0000E+00
  6.0000E+01  2.1666E+00  7.5729E+01  1.5006E+02  1.3978E+01  2.1666E+00  5.4114E+01  1.5006E+02  6.9678E+00  8.4865E+00  8.2117E-01  8.9209E-01  0.0000E+00  1.2848E+00  0.0000E+00  0.0000E+00
  6.1000E+01  2.1666E+00  7.5729E+01  1.5006E+02  1.3978E+01  2.1666E+00  5.4114E+01  1.5006E+02  6.9678E+00  8.4865E+00  7.5775E-01  5.0344E-01  0.0000E+00  1.2142E+00  0.0000E+00  0.0000E+00
  6.2000E+01  2.1666E+00  7.5729E+01  1.5006E+02  1.3978E+01  2.1666E+00  5.4114E+01  1.5006E+02  6.9678E+00  8.4865E+00  7.0803E-01  3.7580E-01  0.0000E+00  1.1544E+00  0.0000E+00  0.0000E+00
  6.3000E+01  2.1666E+00  7.5729E+01  1.5006E+02  1.3978E+01  2.1666E+00  5.4114E+01  1.5006E+02  6.9678E+00  8.4865E+00  6.6835E-01  2.6803E-01  0.0000E+00  1.1033E+00  0.0000E+00  0.0000E+00
  6.4000E+01  2.1666E+00  7.5729E+01  1.5006E+02  1.3978E+01  2.1666E+00  5.4114E+01  1.5006E+02  6.9678E+00  8.4865E+00  6.3606E-01  7.7883E-01  0.0000E+00  1.0592E+00  0.0000E+00  0.0000E+00
  6.5000E+01  2.1666E+00  7.5729E+01  1.5006E+02  1.3978E+01  2.1666E+00  5.4114E+01  1.5006E+02  6.9678E+00  8.4865E+00  6.0920E-01  6.6345E-01  0.0000E+00  1.0210E+00  0.0000E+00  0.0000E+00
  6.6000E+01  2.1666E+00  7.5729E+01  1.5006E+02  1.3978E+01  2.1666E+00  5.4114E+01  1.5006E+02  6.9678E+00  8.4865E+00  5.8637E-01  3.8548E-01  0.0000E+00  9.8739E-01  0.0000E+00  0.0000E+00
  6.7000E+01  2.1666E+00  7.5729E+01  1.5006E+02  1.3978E+01  2.1666E+00  5.4114E+01  1.5006E+02  6.9678E+00  8.4865E+00  5.6654E-01  5.1207E-01  0.0000E+00  9.5765E-01  0.0000E+00  0.0000E+00
  6.8000E+01  2.1666E+00  7.5729E+01  1.5006E+02  1.3978E+01  2.1666E+00  5.4114E+01  1.5006E+02  6.9678E+00  8.4865E+00  5.4896E-01  5.5338E-01  0.0000E+00  9.3105E-01  0.0000E+00  0.0000E+00
  6.9000E+01  2.1666E+00  7.5729E+01  1.5006E+02  1.3978E+01  2.1666E+00  5.4114E+01  1.5006E+02  6.9678E+00  8.4865E+00  5.3309E-01  4.9420E-01  0.0000E+00  9.0702E-01  0.0000E+00  0.0000E+00
  7.0000E+01  2.1666E+00  7.5729E+01  1.5006E+02  1.3978E+01  2.1666E+00  5.4114E+01  1.5006E+02  6.9678E+00  8.4865E+00  5.1854E-01  7.6618E-01  0.0000E+00  8.8511E-01  0.0000E+00  0.0000E+00
  7.1000E+01  2.1666E+00  7.5729E+01  1.5006E+02  1.3978E+01  2.1666E+00  5.4114E+01  1.5006E+02  6.9678E+00  8.4865E+00  5.0501E-01  2.0134E-01  0.0000E+00  8.6496E-01  0.0000E+00  0.0000E+00
  7.2000E+01  2.1666E+00  7.5729E+01  1.5006E+02  1.3978E+01  2.1666E+00  5.4114E+01  1.5006E+02  6.9678E+00  8.4865E+00  4.9228E-01  7.9245E-01  0.0000E+00  8.4626E-01  0.0000E+00  0.0000E+00
  7.3000E+01  2.1666E+00  7.5729E+01  1.5006E+02  1.3978E+01  2.1666E+00  5.4114E+01  1.5006E+02  6.9678E+00  8.4865E+00  4.8021E-01  4.8448E-01  0.0000E+00  8.2878E-01  0.0000E+00  0.0000E+00
  7.4000E+01  2.1666E+00  7.5729E+01  1.5006E+02  1.3978E+01  2.1666E+00  5.4114E+01  1.5006E+02  6.9678E+00  8.4865E+00  4.6868E-01  3.3998E-01  0.0000E+00  8.1231E-01  0.0000E+00  0.0000E+00
  7.5000E+01  2.1666E+00  7.5729E+01  1.5006E+02  1.3978E+01  2.1666E+00  5.4114E+01  1.5006E+02  6.9678E+00  8.4865E+00  4.5760E-01  5.0887E-01  0.0000E+00  7.9671E-01  0.0000E+00  0.0000E+00
  7.6000E+01  2.1666E+00  7.5729E+01  1.5006E+02  1.3978E+01  2.1666E+00  5.4114E+01  1.5006E+02  6.9678E+00  8.4865E+00  2.6893E+00  2.6692E+00  0.0000E+00  2.5044E+00  0.0000E+00  0.0000E+00
  7.7000E+01  2.1666E+00  7.5729E+01  1.5006E+02  1.3978E+01  2.1666E+00  5.4114E+01  1.5006E+02  6.9678E+00  8.4865E+00  2.3988E+00  2.4445E+00  0.0000E+00  2.4245E+00  0.0000E+00  0.0000E+00
  7.8000E+01  2.1666E+00  7.5729E+01  1.5006E+02  1.3978E+01  2.1666E+00  5.4114E+01  1.5006E+02  6.9678E+00  8.4865E+00  1.9646E+00  8.3430E-01  0.0000E+00  2.1897E+00  0.0000E+00  0.0000E+00
  7.9000E+01  2.1666E+00  7.5729E+01  1.5006E+02  1.3978E+01  2.1666E+00  5.4114E+01  1.5006E+02  6.9678E+00  8.4865E+00  1.6198E+00  2.1443E+00  0.0000E+00  1.9777E+00  0.0000E+00  0.0000E+00
  8.0000E+01  2.1666E+00  7.5729E+01  1.5006E+02  1.3978E+01  2.1666E+00  5.4114E+01  1.5006E+02  6.9678E+00  8.4865E+00  1.3621E+00  2.0024E+00  0.0000E+00  1.8010E+00  0.0000E+00  0.0000E+00
  8.1000E+01  2.1666E+00  7.5729E+01  1.5006E+02  1.3978E+01  2.1666E+00  5.4114E+01  1.5006E+02  6.9678E+00  8.4865E+00  1.1703E+00  1.3332E+00  0.0000E+00  1.6547E+00  0.0000E+00  0.0000E+00
  8.2000E+01  2.1666E+00  7.5729E+01  1.5006E+02  1.3978E+01  2.1666E+00  5.4114E+01  1.5006E+02  6.9678E+00  8.4865E+00  1.0269E+00  9.4843E-01  0.0000E+00  1.5334E+00  0.0000E+00  0.0000E+00
  8.3000E+01  2.1666E+00  7.5729E+01  1.5006E+02  1.3978E+01  2.1666E+00  5.4114E+01  1.5006E+02  6.9678E+00  8.4865E+00  9.1870E-01  1.3082E+00  0.0000E+00  1.4322E+00  0.0000E+00  0.0000E+00
  8.4000E+01  2.1666E+00  7.5729E+01  1.5006E+02  1.3978E+01  2.1666E+00  5.4114E+01  1.5006E+02  6.9678E+00  8.4865E+00  8.3618E-01  8.1005E-01  0.0000E+00  1.3474E+00  0.0000E+00  0.0000E+00
  8.5000E+01  2.1666E+00  7.5729E+01  1.5006E+02  1.3978E+01  2.1666E+00  5.4114E+01  1.5006E+02  6.9678E+00  8.4865E+00  7.7242E-01  9.3012E-01  0.0000E+00  1.2758E+00  0.0000E+00  0.0000E+00
  8.6000E+01  2.1666E+00  7.5729E+01  1.5006E+02  1.3978E+01  2.1666E+00  5.4114E+01  1.5006E+02  6.9678E+00  8.4865E+00  7.2237E-01  8.9379E-01  0.0000E+00  1.2150E+00  0.0000E+00  0.0000E+00
  8.7000E+01  2.1666E+00  7.5729E+01  1.5006E+02  1.3978E+01  2.1666E+00  5.4114E+01  1.5006E+02  6.9678E+00  8.4865E+00  6.8238E-01  3.5673E-01  0.0000E+00  1.1629E+00  0.0000E+00  0.0000E+00
  8.8000E+01  2.1666E+00  7.5729E+01  1.5006E+02  1.3978E+01  2.1666E+00  5.4114E+01  1.5006E+02  6.9678E+00  8.4865E+00  6.4976E-01  8.5973E-01  0.0000E+00  1.1179E+00  0.0000E+00  0.0000E+00
  8.9000E+01  2.1666E+00  7.5729E+01  1.5006E+02  1.3978E+01  2.1666E+00  5.4114E+01  1.5006E+02  6.9678E+00  8.4865E+00  6.2259E-01  6.4093E-01  0.0000E+00  1.0787E+00  0.0000E+00  0.0000E+00
  9.0000E+01  2.1666E+00  7.5729E+01  1.5006E+02  1.3978E+01  2.1666E+00  5.4114E+01  1.5006E+02  6.9678E+00  8.4865E+00  5.9946E-01  4.5958E-01  0.0000E+00  1.0442E+00  0.0000E+00  0.0000E+00
  9.1000E+01  2.1666E+00  7.5729E+01  1.5006E+02  1.3978E+01  2.1666E+00  5.4114E+01  1.5006E+02  6.9678E+00  8.4865E+00  5.7933E-01  3.8212E-01  0.0000E+00  1.0135E+00  0.0000E+00  0.0000E+00
  9.2000E+01  2.1666E+00  7.5729E+01  1.5006E+02  1.3978E+01  2.1666E+00  5.4114E+01  1.5006E+02  6.9678E+00  8.4865E+00  5.6147E-01  4.1584E-01  0.0000E+00  9.8599E-01  0.0000E+00  0.0000E+00
  9.3000E+01  2.1666E+00  7.5729E+01  1.5006E+02  1.3978E+01  2.1666E+00  5.4114E+01  1.5006E+02  6.9678E+00  8.4865E+00  5.4532E-01  5.5871E-01  0.0000E+00  9.6108E-01  0.0000E+00  0.0000E+00
  9.4000E+01  2.1666E+00  7.5729E+01  1.5006E+02  1.3978E+01  2.1666E+00  5.4114E+01  1.5006E+02  6.9678E+00  8.4865E+00  5.3049E-01  4.4676E-01  0.0000E+00  9.3830E-01  0.0000E+00  0.0000E+00
  9.5000E+01  2.1666E+00  7.5729E+01  1.5006E+02  1.3978E+01  2.1666E+00  5.4114E+01  1.5006E+02  6.9678E+00  8.4865E+00  5.1669E-01  5.9797E-01  0.0000E+00  9.1729E-01  0.0000E+00  0.0000E+00
  9.6000E+01  2.1666E+00  7.5729E+01  1.5006E+02  1.3978E+01  2.1666E+00  5.4114E+01  1.5006E+02  6.9678E+00  8.4865E+00  5.0370E-01  6.9633E-01  0.0000E+00  8.9775E-01  0.0000E+00  0.0000E+00
  9.7000E+01  2.1666E+00  7.5729E+01  1.5006E+02  1.3978E+01  2.1666E+00  5.4114E+01  1.5006E+02  6.9678E+00  8.4865E+00  4.9137E-01  5.4565E-01  0.0000E+00  8.7943E-01  0.0000E+00  0.0000E+00
  9.8000E+01  2.1666E+00  7.5729E+01  1.5006E+02  1.3978E+01  2.1666E+00  5.4114E+01  1.5006E+02  6.9678E+00  8.4865E+00  4.7959E-01  3.5254E-01  0.0000E+00  8.6215E-01  0.0000E+00  0.0000E+00
  9.9000E+01  2.1666E+00  7.5729E+01  1.5006E+02  1.3978E+01  2.1666E+00  5.4114E+01  1.5006E+02  6.9678E+00  8.4865E+00  4.6826E-01  7.2758E-01  0.0000E+00  8.4574E-01  0.0000E+00  0.0000E+00
  1.0000E+02  2.1666E+00  7.5729E+01  1.5006E+02  1.3978E+01  2.1666E+00  5.4114E+01  1.5006E+02  6.9678E+00  8.4865E+00  2.6997E+00  3.7790E+00  0.0000E+00  2.5527E+00  0.0000E+00  0.0000E+00
  1.0100E+02  2.1666E+00  7.5729E+01  1.5006E+02  1.3978E+01  2.1666E+00  5.4114E+01  1.5006E+02  6.9678E+00  8.4865E+00  2.4089E+00  1.8965E+00  0.0000E+00  2.4720E+00  0.0000E+00  0.0000E+00
  1.0200E+02  2.1666E+00  7.5729E+01  1.5006E+02  1.3978E+01  2.1666E+00  5.4114E+01  1.5006E+02  6.9678E+00  8.4865E+00  1.9746E+00  2.7720E+00  0.0000E+00  2.2364E+00  0.0000E+00  0.0000E+00
  1.0300E+02  2.1666E+00  7.5729E+01  1.5006E+02  1.3978E+01  2.1666E+00  5.4114E+01  1.5006E+02  6.9678E+00  8.4865E+00  1.6295E+00  1.2898E+00  0.0000E+00  2.0237E+00  0.0000E+00  0.0000E+00
  1.0400E+02  2.1666E+00  7.5729E+01  1.5006E+02  1.3978E+01  2.1666E+00  5.4114E+01  1.5006E+02  6.9678E+00  8.4865E+00  1.3716E+00  1.9910E+00  0.0000E+00  1.8462E+00  0.0000E+00  0.0000E+00
  1.0500E+02  2.1666E+00  7.5729E+01  1.5006E+02  1.3978E+01  2.1666E+00  5.4114E+01  1.5006E+02  6.9678E+00  8.4865E+00  1.1796E+00  1.1243E+00  0.0000E+00  1.6992E+00  0.0000E+00  0.0000E+00
  1.0600E+02  2.1666E+00  7.5729E+01  1.5006E+02  1.3978E+01  2.1666E+00  5.4114E+01  1.5006E+02  6.9678E+00  8.4865E+00  1.0360E+00  1.5606E+00  0.0000E+00  1.5771E+00  0.0000E+00  0.0000E+00
  1.0700E+02  2.1666E+00  7.5729E+01  1.5006E+02  1.3978E+01  2.1666E+00  5.4114E+01  1.5006E+02  6.9678E+00  8.4865E+00  9.2759E-01  7.7013E-01  0.0000E+00  1.4753E+00  0.0000E+00  0.0000E+00
  1.0800E+02  2.1666E+00  7.5729E+01  1.5006E+02  1.3978E+01  2.1666E+00  5.4114E+01  1.5006E+02  6.9678E+00  8.4865E+00  8.4487E-01  1.3169E+00  0.0000E+00  1.3897E+00  0.0000E+00  0.0000E+00
  1.0900E+02  2.1666E+00  7.5729E+01  1.5006E+02  1.3978E+01  2.1666E+00  5.4114E+01  1.5006E+02  6.9678E+00  8.4865E+00  7.8091E-01  2.1391E-01  0.0000E+00  1.3175E+00  0.0000E+00  0.0000E+00
  1.1000E+02  2.1666E+00  7.5729E+01  1.5006E+02  1.3978E+01  2.1666E+00  5.4114E+01  1.5006E+02  6.9678E+00  8.4865E+00  7.3067E-01  4.0575E-01  0.0000E+00  1.2560E+00  0.0000E+00  0.0000E+00
  1.1100E+02  2.1666E+00  7.5729E+01  1.5006E+02  1.3978E+01  2.1666E+00  5.4114E+01  1.5006E+02  6.9678E+00  8.4865E+00  6.9049E-01  1.0219E+00  0.0000E+00  1.2032E+00  0.0000E+00  0.0000E+00
  1.1200E+02  2.1666E+00  7.5729E+01  1.5006E+02  1.3978E+01  2.1666E+00  5.4114E+01  1.5006E+02  6.9678E+00  8.4865E+00  6.5769E-01  4.1691E-01  0.0000E+00  1.1576E+00  0.0000E+00  0.0000E+00
  1.1300E+02  2.1666E+00  7.5729E+01  1.5006E+02  1.3978E+01  2.1666E+00  5.4114E+01  1.5006E+02  6.9678E+00  8.4865E+00  6.3034E-01  6.2934E-01  0.0000E+00  1.1177E+00  0.0000E+00  0.0000E+00
  1.1400E+02  2.1666E+00  7.5729E+01  1.5006E+02  1.3978E+01  2.1666E+00  5.4114E+01  1.5006E+02  6.9678E+00  8.4865E+00  6.0703E-01  6.7717E-01  0.0000E+00  1.0826E+00  0.0000E+00  0.0000E+00
  1.1500E+02  2.1666E+00  7.5729E+01  1.5006E+02  1.3978E+01  2.1666E+00  5.4114E+01  1.5006E+02  6.9678E+00  8.4865E+00  5.8674E-01  7.3419E-01  0.0000E+00  1.0513E+00  0.0000E+00  0.0000E+00
  1.1600E+02  2.1666E+00  7.5729E+01  1.5006E+02  1.3978E+01  2.1666E+00  5.4114E+01  1.5006E+02  6.9678E+00  8.4865E+00  5.6871E-01  6.5999E-01  0.0000E+00  1.0232E+00  0.0000E+00  0.0000E+00
  1.1700E+02  2.1666E+00  7.5729E+01  1.5006E+02  1.3978E+01  2.1666E+00  5.4114E+01  1.5006E+02  6.9678E+00  8.4865E+00  5.5240E-01  4.4807E-01  0.0000E+00  9.9767E-01  0.0000E+00  0.0000E+00
  1.1800E+02  2.1666E+00  7.5729E+01  1.5006E+02  1.3978E+01  2.1666E+00  5.4114E+01  1.5006E+02  6.9678E+00  8.4865E+00  5.3741E-01  4.1573E-01  0.0000E+00  9.7430E-01  0.0000E+00  0.0000E+00
  1.1900E+02  2.1666E+00  7.5729E+01  1.5006E+02  1.3978E+01  2.1666E+00  5.4114E+01  1.5006E+02  6.9678E+00  8.4865E+00  5.2345E-01  4.4598E-01  0.0000E+00  9.5271E-01  0.0000E+00  0.0000E+00
  1.2000E+02  2.1666E+00  7.5729E+01  1.5006E+02  1.3978E+01  2.1666E+00  5.4114E+01  1.5006E+02  6.9678E+00  8.4865E+00  5.1031E-01  5.0815E-01  0.0000E+00  9.3259E-01  0.0000E+00  0.0000E+00
  1.2100E+02  2.1666E+00  7.5729E+01  1.5006E+02  1.3978E+01  2.1666E+00  5.4114E+01  1.5006E+02  6.9678E+00  8.4865E+00  4.9783E-01  4.7933E-01  0.0000E+00  9.1372E-01  0.0000E+00  0.0000E+00
  1.2200E+02  2.1666E+00  7.5729E+01  1.5006E+02  1.3978E+01  2.1666E+00  5.4114E+01  1.5006E+02  6.9678E+00  8.4865E+00  4.8590E-01  5.2869E-01  0.0000E+00  8.9588E-01  0.0000E+00  0.0000E+00
  1.2300E+02  2.1666E+00  7.5729E+01  1.5006E+02  1.3978E+01  2.1666E+00  5.4114E+01  1.5006E+02  6.9678E+00  8.4865E+00  4.7443E-01  5.5617E-01  0.0000E+00  8.7893E-01  0.0000E+00  0.0000E+00
  1.2400E+02  2.1666E+00  7.5729E+01  1.5006E+02  1.3978E+01  2.1666E+00  5.4114E+01  1.5006E+02  6.9678E+00  8.4865E+00  2.7057E+00  2.4290E+00  0.0000E+00  2.5853E+00  0.0000E+00  0.0000E+00
  1.2500E+02  2.1666E+00  7.5729E+01  1.5006E+02  1.3978E+01  2.1666E+00  5.4114E+01  1.5006E+02  6.9678E+00  8.4865E+00  2.4148E+00  1.8532E+00  0.0000E+00  2.5041E+00  0.0000E+00  0.0000E+00
  1.2600E+02  2.1666E+00  7.5729E+01  1.5006E+02  1.3978E+01  2.1666E+00  5.4114E+01  1.5006E+02  6.9678E+00  8.4865E+00  1.9804E+00  2.9068E+00  0.0000E+00  2.2681E+00  0.0000E+00  0.0000E+00
  1.2700E+02  2.1666E+00  7.5729E+01  1.5006E+02  1.3978E+01  2.1666E+00  5.4114E+01  1.5006E+02  6.9678E+00  8.4865E+00  1.6352E+00  8.1285E-01  0.0000E+00  2.0548E+00  0.0000E+00  0.0000E+00
  1.2800E+02  2.1666E+00  7.5729E+01  1.5006E+02  1.3978E+01  2.1666E+00  5.4114E+01  1.5006E+02  6.9678E+00  8.4865E+00  1.3771E+00  1.3499E+00  0.0000E+00  1.8768E+00  0.0000E+00  0.0000E+00
  1.2900E+02  2.1666E+00  7.5729E+01  1.5006E+02  1.3978E+01  2.1666E+00  5.4114E+01  1.5006E+02  6.9678E+00  8.4865E+00  1.1850E+00  1.5298E+00  0.0000E+00  1.7293E+00  0.0000E+00  0.0000E+00
  1.3000E+02  2.1666E+00  7.5729E+01  1.5006E+02  1.3978E+01  2.1666E+00  5.4114E+01  1.5006E+02  6.9678E+00  8.4865E+00  1.0413E+00  9.9452E-01  0.0000E+00  1.6067E+00  0.0000E+00  0.0000E+00
  1.3100E+02  2.1666E+00  7.5729E+01  1.5006E+02  1.3978E+01  2.1666E+00  5.4114E+01  1.5006E+02  6.9678E+00  8.4865E+00  9.3273E-01  5.4292E-01  0.0000E+00  1.5044E+00  0.0000E+00  0.0000E+00
  1.3200E+02  2.1666E+00  7.5729E+01  1.5006E+02  1.3978E+01  2.1666E+00  5.4114E+01  1.5006E+02  6.9678E+00  8.4865E+00  8.4989E-01  5.8625E-01  0.0000E+00  1.4184E+00  0.0000E+00  0.0000E+00
  1.3300E+02  2.1666E+00  7.5729E+01  1.5006E+02  1.3978E+01  2.1666E+00  5.4114E+01  1.5006E+02  6.9678E+00  8.4865E+00  7.8582E-01  1.1087E+00  0.0000E+00  1.3457E+00  0.0000E+00  0.0000E+00
  1.3400E+02  2.1666E+00  7.5729E+01  1.5006E+02  1.3978E+01  2.1666E+00  5.4114E+01  1.5006E+02  6.9678E+00  8.4865E+00  7.3547E-01  8.0208E-01  0.0000E+00  1.2837E+00  0.0000E+00  0.0000E+00
  1.3500E+02  2.1666E+00  7.5729E+01  1.5006E+02  1.3978E+01  2.1666E+00  5.4114E+01  1.5006E+02  6.9678E+00  8.4865E+00  6.9518E-01  7.7365E-01  0.0000E+00  1.2305E+00  0.0000E+00  0.0000E+00
  1.3600E+02  2.1666E+00  7.5729E+01  1.5006E+02  1.3978E+01  2.1666E+00  5.4114E+01  1.5006E+02  6.9678E+00  8.4865E+00  6.6228E-01  6.2461E-01  0.0000E+00  1.1844E+00  0.0000E+00  0.0000E+00
  1.3700E+02  2.1666E+00  7.5729E+01  1.5006E+02  1.3978E+01  2.1666E+00  5.4114E+01  1.5006E+02  6.9678E+00  8.4865E+00  6.3483E-01  3.3947E-01  0.0000E+00  1.1441E+00  0.0000E+00  0.0000E+00
  1.3800E+02  2.1666E+00  7.5729E+01  1.5006E+02  1.3978E+01  2.1666E+00  5.4114E+01  1.5006E+02  6.9678E+00  8.4865E+00  6.1142E-01  7.6628E-01  0.0000E+00  1.1086E+00  0.0000E+00  0.0000E+00
  1.3900E+02  2.1666E+00  7.5729E+01  1.5006E+02  1.3978E+01  2.1666E+00  5.4114E+01  1.5006E+02  6.9678E+00  8.4865E+00  5.9102E-01  5.9713E-01  0.0000E+00  1.0769E+00  0.0000E+00  0.0000E+00
  1.4000E+02  2.1666E+00  7.5729E+01  1.5006E+02  1.3978E+01  2.1666E+00  5.4114E+01  1.5006E+02  6.9678E+00  8.4865E+00  5.7289E-01  6.0098E-01  0.0000E+00  1.0483E+00  0.0000E+00  0.0000E+00
  1.4100E+02  2.1666E+00  7.5729E+01  1.5006E+02  1.3978E+01  2.1666E+00  5.4114E+01  1.5006E+02  6.9678E+00  8.4865E+00  5.5649E-01  3.7357E-01  0.0000E+00  1.0224E+00  0.0000E+00  0.0000E+00
  1.4200E+02  2.1666E+00  7.5729E+01  1.5006E+02  1.3978E+01  2.1666E+00  5.4114E+01  1.5006E+02  6.9678E+00  8.4865E+00  5.4141E-01  8.3266E-01  0.0000E+00  9.9866E-01  0.0000E+00  0.0000E+00
  1.4300E+02  2.1666E+00  7.5729E+01  1.5006E+02  1.3978E+01  2.1666E+00  5.4114E+01  1.5006E+02  6.9678E+00  8.4865E+00  5.2736E-01  8.9994E-01  0.0000E+00  9.7667E-01  0.0000E+00  0.0000E+00
  1.4400E+02  2.1666E+00  7.5729E+01  1.5006E+02  1.3978E+01  2.1666E+00  5.4114E+01  1.5006E+02  6.9678E+00  8.4865E+00  5.1413E-01  4.6835E-01  0.0000E+00  9.5617E-01  0.0000E+00  0.0000E+00
  1.4500E+02  2.1666E+00  7.5729E+01  1.5006E+02  1.3978E+01  2.1666E+00  5.4114E+01  1.5006E+02  6.9678E+00  8.4865E+00  5.0156E-01  6.1485E-01  0.0000E+00  9.3692E-01  0.0000E+00  0.0000E+00
  1.4600E+02  2.1666E+00  7.5729E+01  1.5006E+02  1.3978E+01  2.1666E+00  5.4114E+01  1.5006E+02  6.9678E+00  8.4865E+00  4.8955E-01  4.2171E-01  0.0000E+00  9.1871E-01  0.0000E+00  0.0000E+00
  1.4700E+02  2.1666E+00  7.5729E+01  1.5006E+02  1.3978E+01  2.1666E+00  5.4114E+01  1.5006E+02  6.9678E+00  8.4865E+00  4.7800E-01  5.8929E-01  0.0000E+00  9.0139E-01  0.0000E+00  0.0000E+00
  1.4800E+02  2.1666E+00  7.5729E+01  1.5006E+02  1.3978E+01  2.1666E+00  5.4114E+01  1.5006E+02  6.9678E+00  8.4865E+00  2.7092E+00  3.7401E+00  0.0000E+00  2.6074E+00  0.0000E+00  0.0000E+00
  1.4900E+02  2.1666E+00  7.5729E+01  1.5006E+02  1.3978E+01  2.1666E+00  5.4114E+01  1.5006E+02  6.9678E+00  8.4865E+00  2.4183E+00  3.1755E+00  0.0000E+00  2.5258E+00  0.0000E+00  0.0000E+00
  1.5000E+02  2.1666E+00  7.5729E+01  1.5006E+02  1.3978E+01  2.1666E+00  5.4114E+01  1.5006E+02  6.9678E+00  8.4865E+00  1.9837E+00  2.3537E+00  0.0000E+00  2.2894E+00  0.0000E+00  0.0000E+00
  1.5100E+02  2.1666E+00  7.5729E+01  1.5006E+02  1.3978E+01  2.1666E+00  5.4114E+01  1.5006E+02  6.9678E+00  8.4865E+00  1.6384E+00  1.8908E+00  0.0000E+00  2.0758E+00  0.0000E+00  0.0000E+00
  1.5200E+02  2.1666E+00  7.5729E+01  1.5006E+02  1.3978E+01  2.1666E+00  5.4114E+01  1.5006E+02  6.9678E+00  8.4865E+00  1.3803E+00  1.6128E+00  0.0000E+00  1.8975E+00  0.0000E+00  0.0000E+00
  1.5300E+02  2.1666E+00  7.5729E+01  1.5006E+02  1.3978E+01  2.1666E+00  5.4114E+01  1.5006E+02  6.9678E+00  8.4865E+00  1.1881E+00  1.0007E+00  0.0000E+00  1.7497E+00  0.0000E+00  0.0000E+00
  1.5400E+02  2.1666E+00  7.5729E+01  1.5006E+02  1.3978E+01  2.1666E+00  5.4114E+01  1.5006E+02  6.9678E+00  8.4865E+00  1.0443E+00  6.1040E-01  0.0000E+00  1.6268E+00  0.0000E+00  0.0000E+00
  1.5500E+02  2.1666E+00  7.5729E+01  1.5006E+02  1.3978E+01  2.1666E+00  5.4114E+01  1.5006E+02  6.9678E+00  8.4865E+00  9.3570E-01  1.2309E+00  0.0000E+00  1.5241E+00  0.0000E+00  0.0000E+00
  1.5600E+02  2.1666E+00  7.5729E+01  1.5006E+02  1.3978E+01  2.1666E+00  5.4114E+01  1.5006E+02  6.9678E+00  8.4865E+00  8.5280E-01  3.3538E-01  0.0000E+00  1.4378E+00  0.0000E+00  0.0000E+00
  1.5700E+02  2.1666E+00  7.5729E+01  1.5006E+02  1.3978E+01  2.1666E+00  5.4114E+01  1.5006E+02  6.9678E+00  8.4865E+00  7.8866E-01  7.8222E-01  0.0000E+00  1.3648E+00  0.0000E+00  0.0000E+00
  1.5800E+02  2.1666E+00  7.5729E+01  1.5006E+02  1.3978E+01  2.1666E+00  5.4114E+01  1.5006E+02  6.9678E+00  8.4865E+00  7.3825E-01  2.2549E-01  0.0000E+00  1.3025E+00  0.0000E+00  0.0000E+00
  1.5900E+02  2.1666E+00  7.5729E+01  1.5006E+02  1.3978E+01  2.1666E+00  5.4114E+01  1.5006E+02  6.9678E+00  8.4865E+00  6.9789E-01  8.6175E-01  0.0000E+00  1.2490E+00  0.0000E+00  0.0000E+00
  1.6000E+02  2.1666E+00  7.5729E+01  1.5006E+02  1.3978E+01  2.1666E+00  5.4114E+01  1.5006E+02  6.9678E+00  8.4865E+00  6.6493E-01  7.4841E-01  0.0000E+00  1.2026E+00  0.0000E+00  0.0000E+00
  1.6100E+02  2.1666E+00  7.5729E+01  1.5006E+02  1.3978E+01  2.1666E+00  5.4114E+01  1.5006E+02  6.9678E+00  8.4865E+00  6.3742E-01  8.0486E-01  0.0000E+00  1.1620E+00  0.0000E+00  0.0000E+00
  1.6200E+02  2.1666E+00  7.5729E+01  1.5006E+02  1.3978E+01  2.1666E+00  5.4114E+01  1.5006E+02  6.9678E+00  8.4865E+00  6.1395E-01  6.2219E-01  0.0000E+00  1.1262E+00  0.0000E+00  0.0000E+00
  1.6300E+02  2.1666E+00  7.5729E+01  1.5006E+02  1.3978E+01  2.1666E+00  5.4114E+01  1.5006E+02  6.9678E+00  8.4865E+00  5.9350E-01  4.9125E-01  0.0000E+00  1.0942E+00  0.0000E+00  0.0000E+00
  1.6400E+02  2.1666E+00  7.5729E+01  1.5006E+02  1.3978E+01  2.1666E+00  5.4114E+01  1.5006E+02  6.9678E+00  8.4865E+00  5.7532E-01  6.3096E-01  0.0000E+00  1.0654E+00  0.0000E+00  0.0000E+00
  1.6500E+02  2.1666E+00  7.5729E+01  1.5006E+02  1.3978E+01  2.1666E+00  5.4114E+01  1.5006E+02  6.9678E+00  8.4865E+00  5.5886E-01  3.3996E-01  0.0000E+00  1.0392E+00  0.0000E+00  0.0000E+00
  1.6600E+02  2.1666E+00  7.5729E+01  1.5006E+02  1.3978E+01  2.1666E+00  5.4114E+01  1.5006E+02  6.9678E+00  8.4865E+00  5.4372E-01  4.9992E-01  0.0000E+00  1.0151E+00  0.0000E+00  0.0000E+00
  1.6700E+02  2.1666E+00  7.5729E+01  1.5006E+02  1.3978E+01  2.1666E+00  5.4114E+01  1.5006E+02  6.9678E+00  8.4865E+00  5.2962E-01  3.7046E-01  0.0000E+00  9.9289E-01  0.0000E+00  0.0000E+00
  1.6800E+02  2.1666E+00  7.5729E+01  1.5006E+02  1.3978E+01  2.1666E+00  5.4114E+01  1.5006E+02  6.9678E+00  8.4865E+00  5.1634E-01  3.1121E-01  0.0000E+00  9.7213E-01  0.0000E+00  0.0000E+00
  1.6900E+02  2.1666E+00  7.5729E+01  1.5006E+02  1.3978E+01  2.1666E+00  5.4114E+01  1.5006E+02  6.9678E+00  8.4865E+00  5.0373E-01  6.6529E-01  0.0000E+00  9.5262E-01  0.0000E+00  0.0000E+00
  1.7000E+02  2.1666E+00  7.5729E+01  1.5006E+02  1.3978E+01  2.1666E+00  5.4114E+01  1.5006E+02  6.9678E+00  8.4865E+00  4.9166E-01  3.2474E-01  0.0000E+00  9.3415E-01  0.0000E+00  0.0000E+00
  1.7100E+02  2.1666E+00  7.5729E+01  1.5006E+02  1.3978E+01  2.1666E+00  5.4114E+01  1.5006E+02  6.9678E+00  8.4865E+00  4.8006E-01  6.6223E-01  0.0000E+00  9.1658E-01  0.0000E+00  0.0000E+00
