TABLE NO.  2
 ETA1        ETA2        ETA3        ETA4        ETA5
  0.0000E+00 -7.8812E-01 -5.4281E-01  0.0000E+00  0.0000E+00
  0.0000E+00 -7.8812E-01 -5.4281E-01  0.0000E+00  0.0000E+00
  0.0000E+00 -7.8812E-01 -5.4281E-01  0.0000E+00  0.0000E+00
  0.0000E+00 -7.8812E-01 -5.4281E-01  0.0000E+00  0.0000E+00
  0.0000E+00 -7.8812E-01 -5.4281E-01  0.0000E+00  0.0000E+00
  0.0000E+00 -7.8812E-01 -5.4281E-01  0.0000E+00  0.0000E+00
  0.0000E+00  4.1035E-01 -1.0118E-01  0.0000E+00  0.0000E+00
  0.0000E+00  4.1035E-01 -1.0118E-01  0.0000E+00  0.0000E+00
  0.0000E+00  4.1035E-01 -1.0118E-01  0.0000E+00  0.0000E+00
  0.0000E+00  4.1035E-01 -1.0118E-01  0.0000E+00  0.0000E+00
  0.0000E+00  4.1035E-01 -1.0118E-01  0.0000E+00  0.0000E+00
  0.0000E+00  4.1035E-01 -1.0118E-01  0.0000E+00  0.0000E+00
  0.0000E+00  4.1035E-01 -1.0118E-01  0.0000E+00  0.0000E+00
  0.0000E+00 -7.1358E-02  8.5243E-01  0.0000E+00  0.0000E+00
  0.0000E+00 -7.1358E-02  8.5243E-01  0.0000E+00  0.0000E+00
  0.0000E+00 -7.1358E-02  8.5243E-01  0.0000E+00  0.0000E+00
  0.0000E+00 -7.1358E-02  8.5243E-01  0.0000E+00  0.0000E+00
  0.0000E+00 -7.1358E-02  8.5243E-01  0.0000E+00  0.0000E+00
  0.0000E+00 -7.1358E-02  8.5243E-01  0.0000E+00  0.0000E+00
  0.0000E+00  3.9170E-01  3.3264E-01  0.0000E+00  0.0000E+00
  0.0000E+00  3.9170E-01  3.3264E-01  0.0000E+00  0.0000E+00
  0.0000E+00  3.9170E-01  3.3264E-01  0.0000E+00  0.0000E+00
  0.0000E+00  3.9170E-01  3.3264E-01  0.0000E+00  0.0000E+00
  0.0000E+00  3.9170E-01  3.3264E-01  0.0000E+00  0.0000E+00
  0.0000E+00  2.9122E-01 -2.5411E-01  0.0000E+00  0.0000E+00
  0.0000E+00  2.9122E-01 -2.5411E-01  0.0000E+00  0.0000E+00
  0.0000E+00  2.9122E-01 -2.5411E-01  0.0000E+00  0.0000E+00
  0.0000E+00  2.9122E-01 -2.5411E-01  0.0000E+00  0.0000E+00
  0.0000E+00  2.9122E-01 -2.5411E-01  0.0000E+00  0.0000E+00
  0.0000E+00  2.9122E-01 -2.5411E-01  0.0000E+00  0.0000E+00
  0.0000E+00  2.9122E-01 -2.5411E-01  0.0000E+00  0.0000E+00
  0.0000E+00  2.9122E-01 -2.5411E-01  0.0000E+00  0.0000E+00
  0.0000E+00  2.6689E-01  1.9494E-01  0.0000E+00  0.0000E+00
  0.0000E+00  2.6689E-01  1.9494E-01  0.0000E+00  0.0000E+00
  0.0000E+00  2.6689E-01  1.9494E-01  0.0000E+00  0.0000E+00
  0.0000E+00  2.6689E-01  1.9494E-01  0.0000E+00  0.0000E+00
  0.0000E+00  2.6689E-01  1.9494E-01  0.0000E+00  0.0000E+00
  0.0000E+00  2.6689E-01  1.9494E-01  0.0000E+00  0.0000E+00
  0.0000E+00  2.0251E-01  6.1788E-01  0.0000E+00  0.0000E+00
  0.0000E+00  2.0251E-01  6.1788E-01  0.0000E+00  0.0000E+00
  0.0000E+00  2.0251E-01  6.1788E-01  0.0000E+00  0.0000E+00
  0.0000E+00  2.0251E-01  6.1788E-01  0.0000E+00  0.0000E+00
  0.0000E+00  2.0251E-01  6.1788E-01  0.0000E+00  0.0000E+00
  0.0000E+00  1.1312E-01 -9.3337E-01  0.0000E+00  0.0000E+00
  0.0000E+00  1.1312E-01 -9.3337E-01  0.0000E+00  0.0000E+00
  0.0000E+00  1.1312E-01 -9.3337E-01  0.0000E+00  0.0000E+00
  0.0000E+00  1.1312E-01 -9.3337E-01  0.0000E+00  0.0000E+00
  0.0000E+00  1.1312E-01 -9.3337E-01  0.0000E+00  0.0000E+00
  0.0000E+00  1.1312E-01 -9.3337E-01  0.0000E+00  0.0000E+00
  0.0000E+00  1.1312E-01 -9.3337E-01  0.0000E+00  0.0000E+00
  0.0000E+00  1.1312E-01 -9.3337E-01  0.0000E+00  0.0000E+00
  0.0000E+00  1.1312E-01 -9.3337E-01  0.0000E+00  0.0000E+00
  0.0000E+00  1.1312E-01 -9.3337E-01  0.0000E+00  0.0000E+00
  0.0000E+00 -3.7978E-02 -9.3986E-02  0.0000E+00  0.0000E+00
  0.0000E+00 -3.7978E-02 -9.3986E-02  0.0000E+00  0.0000E+00
  0.0000E+00 -3.7978E-02 -9.3986E-02  0.0000E+00  0.0000E+00
  0.0000E+00 -3.7978E-02 -9.3986E-02  0.0000E+00  0.0000E+00
  0.0000E+00 -3.7978E-02 -9.3986E-02  0.0000E+00  0.0000E+00
  0.0000E+00 -3.7978E-02 -9.3986E-02  0.0000E+00  0.0000E+00
  0.0000E+00 -3.7978E-02 -9.3986E-02  0.0000E+00  0.0000E+00
  0.0000E+00  4.9339E-01  4.8345E-01  0.0000E+00  0.0000E+00
  0.0000E+00  4.9339E-01  4.8345E-01  0.0000E+00  0.0000E+00
  0.0000E+00  4.9339E-01  4.8345E-01  0.0000E+00  0.0000E+00
  0.0000E+00  4.9339E-01  4.8345E-01  0.0000E+00  0.0000E+00
  0.0000E+00  4.9339E-01  4.8345E-01  0.0000E+00  0.0000E+00
  0.0000E+00 -1.4706E-01  2.7317E-01  0.0000E+00  0.0000E+00
  0.0000E+00 -1.4706E-01  2.7317E-01  0.0000E+00  0.0000E+00
  0.0000E+00 -1.4706E-01  2.7317E-01  0.0000E+00  0.0000E+00
  0.0000E+00 -1.4706E-01  2.7317E-01  0.0000E+00  0.0000E+00
  0.0000E+00 -1.4706E-01  2.7317E-01  0.0000E+00  0.0000E+00
  0.0000E+00 -1.4706E-01  2.7317E-01  0.0000E+00  0.0000E+00
  0.0000E+00 -5.1241E-01  5.6271E-02  0.0000E+00  0.0000E+00
  0.0000E+00 -5.1241E-01  5.6271E-02  0.0000E+00  0.0000E+00
  0.0000E+00 -5.1241E-01  5.6271E-02  0.0000E+00  0.0000E+00
  0.0000E+00 -5.1241E-01  5.6271E-02  0.0000E+00  0.0000E+00
  0.0000E+00 -5.1241E-01  5.6271E-02  0.0000E+00  0.0000E+00
  0.0000E+00 -5.1241E-01  5.6271E-02  0.0000E+00  0.0000E+00
  0.0000E+00  5.5330E-01 -7.1380E-01  0.0000E+00  0.0000E+00
  0.0000E+00  5.5330E-01 -7.1380E-01  0.0000E+00  0.0000E+00
  0.0000E+00  5.5330E-01 -7.1380E-01  0.0000E+00  0.0000E+00
  0.0000E+00  5.5330E-01 -7.1380E-01  0.0000E+00  0.0000E+00
  0.0000E+00  5.5330E-01 -7.1380E-01  0.0000E+00  0.0000E+00
  0.0000E+00  5.5330E-01 -7.1380E-01  0.0000E+00  0.0000E+00
  0.0000E+00  5.5330E-01 -7.1380E-01  0.0000E+00  0.0000E+00
  0.0000E+00  5.5330E-01 -7.1380E-01  0.0000E+00  0.0000E+00
  0.0000E+00  3.7547E-01  4.1300E-02  0.0000E+00  0.0000E+00
  0.0000E+00  3.7547E-01  4.1300E-02  0.0000E+00  0.0000E+00
  0.0000E+00  3.7547E-01  4.1300E-02  0.0000E+00  0.0000E+00
  0.0000E+00  3.7547E-01  4.1300E-02  0.0000E+00  0.0000E+00
  0.0000E+00  3.7547E-01  4.1300E-02  0.0000E+00  0.0000E+00
  0.0000E+00  3.7547E-01  4.1300E-02  0.0000E+00  0.0000E+00
  0.0000E+00 -8.0097E-01  5.8738E-02  0.0000E+00  0.0000E+00
  0.0000E+00 -8.0097E-01  5.8738E-02  0.0000E+00  0.0000E+00
  0.0000E+00 -8.0097E-01  5.8738E-02  0.0000E+00  0.0000E+00
  0.0000E+00 -8.0097E-01  5.8738E-02  0.0000E+00  0.0000E+00
  0.0000E+00 -8.0097E-01  5.8738E-02  0.0000E+00  0.0000E+00
  0.0000E+00 -8.0097E-01  5.8738E-02  0.0000E+00  0.0000E+00
  0.0000E+00  4.2534E-01  1.7233E-01  0.0000E+00  0.0000E+00
  0.0000E+00  4.2534E-01  1.7233E-01  0.0000E+00  0.0000E+00
  0.0000E+00  4.2534E-01  1.7233E-01  0.0000E+00  0.0000E+00
  0.0000E+00  4.2534E-01  1.7233E-01  0.0000E+00  0.0000E+00
  0.0000E+00 -2.3647E-01  7.5769E-01  0.0000E+00  0.0000E+00
  0.0000E+00 -2.3647E-01  7.5769E-01  0.0000E+00  0.0000E+00
  0.0000E+00 -2.3647E-01  7.5769E-01  0.0000E+00  0.0000E+00
  0.0000E+00 -2.3647E-01  7.5769E-01  0.0000E+00  0.0000E+00
  0.0000E+00 -2.3647E-01  7.5769E-01  0.0000E+00  0.0000E+00
  0.0000E+00 -2.3647E-01  7.5769E-01  0.0000E+00  0.0000E+00
  0.0000E+00  3.1000E-01 -3.2293E-02  0.0000E+00  0.0000E+00
  0.0000E+00  3.1000E-01 -3.2293E-02  0.0000E+00  0.0000E+00
  0.0000E+00  3.1000E-01 -3.2293E-02  0.0000E+00  0.0000E+00
  0.0000E+00  3.1000E-01 -3.2293E-02  0.0000E+00  0.0000E+00
  0.0000E+00  3.1000E-01 -3.2293E-02  0.0000E+00  0.0000E+00
  0.0000E+00  3.1000E-01 -3.2293E-02  0.0000E+00  0.0000E+00
  0.0000E+00  4.0665E-01 -5.0042E-01  0.0000E+00  0.0000E+00
  0.0000E+00  4.0665E-01 -5.0042E-01  0.0000E+00  0.0000E+00
  0.0000E+00  4.0665E-01 -5.0042E-01  0.0000E+00  0.0000E+00
  0.0000E+00  4.0665E-01 -5.0042E-01  0.0000E+00  0.0000E+00
  0.0000E+00  4.0665E-01 -5.0042E-01  0.0000E+00  0.0000E+00
  0.0000E+00  4.0665E-01 -5.0042E-01  0.0000E+00  0.0000E+00
  0.0000E+00  4.0665E-01 -5.0042E-01  0.0000E+00  0.0000E+00
  0.0000E+00 -1.0140E-01  3.6616E-01  0.0000E+00  0.0000E+00
  0.0000E+00 -1.0140E-01  3.6616E-01  0.0000E+00  0.0000E+00
  0.0000E+00 -1.0140E-01  3.6616E-01  0.0000E+00  0.0000E+00
  0.0000E+00 -1.0140E-01  3.6616E-01  0.0000E+00  0.0000E+00
  0.0000E+00 -1.0140E-01  3.6616E-01  0.0000E+00  0.0000E+00
  0.0000E+00 -1.0140E-01  3.6616E-01  0.0000E+00  0.0000E+00
  0.0000E+00 -5.3169E-01  2.0110E-01  0.0000E+00  0.0000E+00
  0.0000E+00 -5.3169E-01  2.0110E-01  0.0000E+00  0.0000E+00
  0.0000E+00 -5.3169E-01  2.0110E-01  0.0000E+00  0.0000E+00
  0.0000E+00 -5.3169E-01  2.0110E-01  0.0000E+00  0.0000E+00
  0.0000E+00 -5.3169E-01  2.0110E-01  0.0000E+00  0.0000E+00
  0.0000E+00 -5.3169E-01  2.0110E-01  0.0000E+00  0.0000E+00
  0.0000E+00 -2.6414E-01 -2.2631E-01  0.0000E+00  0.0000E+00
  0.0000E+00 -2.6414E-01 -2.2631E-01  0.0000E+00  0.0000E+00
  0.0000E+00 -2.6414E-01 -2.2631E-01  0.0000E+00  0.0000E+00
  0.0000E+00 -2.6414E-01 -2.2631E-01  0.0000E+00  0.0000E+00
  0.0000E+00 -2.6414E-01 -2.2631E-01  0.0000E+00  0.0000E+00
  0.0000E+00 -2.6414E-01 -2.2631E-01  0.0000E+00  0.0000E+00
  0.0000E+00 -2.6414E-01 -2.2631E-01  0.0000E+00  0.0000E+00
  0.0000E+00 -1.8760E-01 -3.0409E-01  0.0000E+00  0.0000E+00
  0.0000E+00 -1.8760E-01 -3.0409E-01  0.0000E+00  0.0000E+00
  0.0000E+00 -1.8760E-01 -3.0409E-01  0.0000E+00  0.0000E+00
  0.0000E+00 -1.8760E-01 -3.0409E-01  0.0000E+00  0.0000E+00
  0.0000E+00 -1.8760E-01 -3.0409E-01  0.0000E+00  0.0000E+00
  0.0000E+00 -1.8760E-01 -3.0409E-01  0.0000E+00  0.0000E+00
  0.0000E+00  1.4155E-01 -6.3891E-02  0.0000E+00  0.0000E+00
  0.0000E+00  1.4155E-01 -6.3891E-02  0.0000E+00  0.0000E+00
  0.0000E+00  1.4155E-01 -6.3891E-02  0.0000E+00  0.0000E+00
  0.0000E+00  1.4155E-01 -6.3891E-02  0.0000E+00  0.0000E+00
  0.0000E+00  1.4155E-01 -6.3891E-02  0.0000E+00  0.0000E+00
  0.0000E+00  4.9835E-02  7.7090E-01  0.0000E+00  0.0000E+00
  0.0000E+00  4.9835E-02  7.7090E-01  0.0000E+00  0.0000E+00
  0.0000E+00  4.9835E-02  7.7090E-01  0.0000E+00  0.0000E+00
  0.0000E+00  4.9835E-02  7.7090E-01  0.0000E+00  0.0000E+00
  0.0000E+00  4.9835E-02  7.7090E-01  0.0000E+00  0.0000E+00
  0.0000E+00  4.9835E-02  7.7090E-01  0.0000E+00  0.0000E+00
  0.0000E+00  4.0826E-01  5.3385E-01  0.0000E+00  0.0000E+00
  0.0000E+00  4.0826E-01  5.3385E-01  0.0000E+00  0.0000E+00
  0.0000E+00  4.0826E-01  5.3385E-01  0.0000E+00  0.0000E+00
  0.0000E+00  4.0826E-01  5.3385E-01  0.0000E+00  0.0000E+00
  0.0000E+00  4.0826E-01  5.3385E-01  0.0000E+00  0.0000E+00
  0.0000E+00  9.9303E-01  5.9916E-02  0.0000E+00  0.0000E+00
  0.0000E+00  9.9303E-01  5.9916E-02  0.0000E+00  0.0000E+00
  0.0000E+00  9.9303E-01  5.9916E-02  0.0000E+00  0.0000E+00
  0.0000E+00  9.9303E-01  5.9916E-02  0.0000E+00  0.0000E+00
  0.0000E+00  9.9303E-01  5.9916E-02  0.0000E+00  0.0000E+00
  0.0000E+00  9.9303E-01  5.9916E-02  0.0000E+00  0.0000E+00
  0.0000E+00  3.8805E-01  4.9992E-01  0.0000E+00  0.0000E+00
  0.0000E+00  3.8805E-01  4.9992E-01  0.0000E+00  0.0000E+00
  0.0000E+00  3.8805E-01  4.9992E-01  0.0000E+00  0.0000E+00
  0.0000E+00  3.8805E-01  4.9992E-01  0.0000E+00  0.0000E+00
  0.0000E+00  3.8805E-01  4.9992E-01  0.0000E+00  0.0000E+00
  0.0000E+00  3.8805E-01  4.9992E-01  0.0000E+00  0.0000E+00
  0.0000E+00  1.2367E-01  3.8400E-01  0.0000E+00  0.0000E+00
  0.0000E+00  1.2367E-01  3.8400E-01  0.0000E+00  0.0000E+00
  0.0000E+00  1.2367E-01  3.8400E-01  0.0000E+00  0.0000E+00
  0.0000E+00  1.2367E-01  3.8400E-01  0.0000E+00  0.0000E+00
  0.0000E+00  1.2367E-01  3.8400E-01  0.0000E+00  0.0000E+00
  0.0000E+00  1.2367E-01  3.8400E-01  0.0000E+00  0.0000E+00
  0.0000E+00  6.9027E-01  8.4423E-02  0.0000E+00  0.0000E+00
  0.0000E+00  6.9027E-01  8.4423E-02  0.0000E+00  0.0000E+00
  0.0000E+00  6.9027E-01  8.4423E-02  0.0000E+00  0.0000E+00
  0.0000E+00  6.9027E-01  8.4423E-02  0.0000E+00  0.0000E+00
  0.0000E+00  6.9027E-01  8.4423E-02  0.0000E+00  0.0000E+00
  0.0000E+00  6.9027E-01  8.4423E-02  0.0000E+00  0.0000E+00
  0.0000E+00 -9.4920E-02  1.2778E-01  0.0000E+00  0.0000E+00
  0.0000E+00 -9.4920E-02  1.2778E-01  0.0000E+00  0.0000E+00
  0.0000E+00 -9.4920E-02  1.2778E-01  0.0000E+00  0.0000E+00
  0.0000E+00 -9.4920E-02  1.2778E-01  0.0000E+00  0.0000E+00
  0.0000E+00 -9.4920E-02  1.2778E-01  0.0000E+00  0.0000E+00
  0.0000E+00 -9.4920E-02  1.2778E-01  0.0000E+00  0.0000E+00
  0.0000E+00 -9.4920E-02  1.2778E-01  0.0000E+00  0.0000E+00
  0.0000E+00 -9.4920E-02  1.2778E-01  0.0000E+00  0.0000E+00
  0.0000E+00 -9.4920E-02  1.2778E-01  0.0000E+00  0.0000E+00
  0.0000E+00  4.4463E-01  7.6665E-02  0.0000E+00  0.0000E+00
  0.0000E+00  4.4463E-01  7.6665E-02  0.0000E+00  0.0000E+00
  0.0000E+00  4.4463E-01  7.6665E-02  0.0000E+00  0.0000E+00
  0.0000E+00  4.4463E-01  7.6665E-02  0.0000E+00  0.0000E+00
  0.0000E+00  4.4463E-01  7.6665E-02  0.0000E+00  0.0000E+00
  0.0000E+00  4.4463E-01  7.6665E-02  0.0000E+00  0.0000E+00
  0.0000E+00  4.4463E-01  7.6665E-02  0.0000E+00  0.0000E+00
  0.0000E+00  4.4463E-01  7.6665E-02  0.0000E+00  0.0000E+00
  0.0000E+00  4.4463E-01  7.6665E-02  0.0000E+00  0.0000E+00
  0.0000E+00  1.2066E-01 -3.9874E-02  0.0000E+00  0.0000E+00
  0.0000E+00  1.2066E-01 -3.9874E-02  0.0000E+00  0.0000E+00
  0.0000E+00  1.2066E-01 -3.9874E-02  0.0000E+00  0.0000E+00
  0.0000E+00  1.2066E-01 -3.9874E-02  0.0000E+00  0.0000E+00
  0.0000E+00  1.2066E-01 -3.9874E-02  0.0000E+00  0.0000E+00
  0.0000E+00  1.2066E-01 -3.9874E-02  0.0000E+00  0.0000E+00
  0.0000E+00  1.2066E-01 -3.9874E-02  0.0000E+00  0.0000E+00
  0.0000E+00  1.2066E-01 -3.9874E-02  0.0000E+00  0.0000E+00
  0.0000E+00  1.2066E-01 -3.9874E-02  0.0000E+00  0.0000E+00
  0.0000E+00 -1.7191E-02  1.4529E-01  0.0000E+00  0.0000E+00
  0.0000E+00 -1.7191E-02  1.4529E-01  0.0000E+00  0.0000E+00
  0.0000E+00 -1.7191E-02  1.4529E-01  0.0000E+00  0.0000E+00
  0.0000E+00 -1.7191E-02  1.4529E-01  0.0000E+00  0.0000E+00
  0.0000E+00 -1.7191E-02  1.4529E-01  0.0000E+00  0.0000E+00
  0.0000E+00 -1.7191E-02  1.4529E-01  0.0000E+00  0.0000E+00
  0.0000E+00 -1.7191E-02  1.4529E-01  0.0000E+00  0.0000E+00
  0.0000E+00 -1.7191E-02  1.4529E-01  0.0000E+00  0.0000E+00
  0.0000E+00 -1.7191E-02  1.4529E-01  0.0000E+00  0.0000E+00
  0.0000E+00 -1.1895E-01 -2.3595E-01  0.0000E+00  0.0000E+00
  0.0000E+00 -1.1895E-01 -2.3595E-01  0.0000E+00  0.0000E+00
  0.0000E+00 -1.1895E-01 -2.3595E-01  0.0000E+00  0.0000E+00
  0.0000E+00 -1.1895E-01 -2.3595E-01  0.0000E+00  0.0000E+00
  0.0000E+00 -1.1895E-01 -2.3595E-01  0.0000E+00  0.0000E+00
  0.0000E+00 -1.1895E-01 -2.3595E-01  0.0000E+00  0.0000E+00
  0.0000E+00 -1.1895E-01 -2.3595E-01  0.0000E+00  0.0000E+00
  0.0000E+00 -1.1895E-01 -2.3595E-01  0.0000E+00  0.0000E+00
  0.0000E+00 -1.1895E-01 -2.3595E-01  0.0000E+00  0.0000E+00
  0.0000E+00 -1.1895E-01 -2.3595E-01  0.0000E+00  0.0000E+00
  0.0000E+00 -4.8935E-01 -1.5075E-01  0.0000E+00  0.0000E+00
  0.0000E+00 -4.8935E-01 -1.5075E-01  0.0000E+00  0.0000E+00
  0.0000E+00 -4.8935E-01 -1.5075E-01  0.0000E+00  0.0000E+00
  0.0000E+00 -4.8935E-01 -1.5075E-01  0.0000E+00  0.0000E+00
  0.0000E+00 -4.8935E-01 -1.5075E-01  0.0000E+00  0.0000E+00
  0.0000E+00 -4.8935E-01 -1.5075E-01  0.0000E+00  0.0000E+00
  0.0000E+00 -4.8935E-01 -1.5075E-01  0.0000E+00  0.0000E+00
  0.0000E+00 -4.8935E-01 -1.5075E-01  0.0000E+00  0.0000E+00
  0.0000E+00  3.0521E-01 -1.3745E+00  0.0000E+00  0.0000E+00
  0.0000E+00  3.0521E-01 -1.3745E+00  0.0000E+00  0.0000E+00
  0.0000E+00  3.0521E-01 -1.3745E+00  0.0000E+00  0.0000E+00
  0.0000E+00  3.0521E-01 -1.3745E+00  0.0000E+00  0.0000E+00
  0.0000E+00  3.0521E-01 -1.3745E+00  0.0000E+00  0.0000E+00
  0.0000E+00  3.0521E-01 -1.3745E+00  0.0000E+00  0.0000E+00
  0.0000E+00  3.0521E-01 -1.3745E+00  0.0000E+00  0.0000E+00
  0.0000E+00  3.0521E-01 -1.3745E+00  0.0000E+00  0.0000E+00
  0.0000E+00  3.0521E-01 -1.3745E+00  0.0000E+00  0.0000E+00
  0.0000E+00  3.0521E-01 -1.3745E+00  0.0000E+00  0.0000E+00
  0.0000E+00  1.2672E-01  1.4196E-01  0.0000E+00  0.0000E+00
  0.0000E+00  1.2672E-01  1.4196E-01  0.0000E+00  0.0000E+00
  0.0000E+00  1.2672E-01  1.4196E-01  0.0000E+00  0.0000E+00
  0.0000E+00  1.2672E-01  1.4196E-01  0.0000E+00  0.0000E+00
  0.0000E+00  1.2672E-01  1.4196E-01  0.0000E+00  0.0000E+00
  0.0000E+00  1.2672E-01  1.4196E-01  0.0000E+00  0.0000E+00
  0.0000E+00  1.2672E-01  1.4196E-01  0.0000E+00  0.0000E+00
  0.0000E+00  1.2672E-01  1.4196E-01  0.0000E+00  0.0000E+00
  0.0000E+00  1.2672E-01  1.4196E-01  0.0000E+00  0.0000E+00
  0.0000E+00 -1.9813E-01  3.8220E-02  0.0000E+00  0.0000E+00
  0.0000E+00 -1.9813E-01  3.8220E-02  0.0000E+00  0.0000E+00
  0.0000E+00 -1.9813E-01  3.8220E-02  0.0000E+00  0.0000E+00
  0.0000E+00 -1.9813E-01  3.8220E-02  0.0000E+00  0.0000E+00
  0.0000E+00 -1.9813E-01  3.8220E-02  0.0000E+00  0.0000E+00
  0.0000E+00 -1.9813E-01  3.8220E-02  0.0000E+00  0.0000E+00
  0.0000E+00 -1.9813E-01  3.8220E-02  0.0000E+00  0.0000E+00
  0.0000E+00 -1.9813E-01  3.8220E-02  0.0000E+00  0.0000E+00
  0.0000E+00 -1.9813E-01  3.8220E-02  0.0000E+00  0.0000E+00
  0.0000E+00 -5.6201E-02 -2.2341E-01  0.0000E+00  0.0000E+00
  0.0000E+00 -5.6201E-02 -2.2341E-01  0.0000E+00  0.0000E+00
  0.0000E+00 -5.6201E-02 -2.2341E-01  0.0000E+00  0.0000E+00
  0.0000E+00 -5.6201E-02 -2.2341E-01  0.0000E+00  0.0000E+00
  0.0000E+00 -5.6201E-02 -2.2341E-01  0.0000E+00  0.0000E+00
  0.0000E+00 -5.6201E-02 -2.2341E-01  0.0000E+00  0.0000E+00
  0.0000E+00 -5.6201E-02 -2.2341E-01  0.0000E+00  0.0000E+00
  0.0000E+00 -5.6201E-02 -2.2341E-01  0.0000E+00  0.0000E+00
  0.0000E+00 -5.6201E-02 -2.2341E-01  0.0000E+00  0.0000E+00
  0.0000E+00 -5.6201E-02 -2.2341E-01  0.0000E+00  0.0000E+00
  0.0000E+00  4.0544E-01 -5.7426E-01  0.0000E+00  0.0000E+00
  0.0000E+00  4.0544E-01 -5.7426E-01  0.0000E+00  0.0000E+00
  0.0000E+00  4.0544E-01 -5.7426E-01  0.0000E+00  0.0000E+00
  0.0000E+00  4.0544E-01 -5.7426E-01  0.0000E+00  0.0000E+00
  0.0000E+00  4.0544E-01 -5.7426E-01  0.0000E+00  0.0000E+00
  0.0000E+00  4.0544E-01 -5.7426E-01  0.0000E+00  0.0000E+00
  0.0000E+00  4.0544E-01 -5.7426E-01  0.0000E+00  0.0000E+00
  0.0000E+00  4.0544E-01 -5.7426E-01  0.0000E+00  0.0000E+00
  0.0000E+00  4.0544E-01 -5.7426E-01  0.0000E+00  0.0000E+00
  0.0000E+00  4.0544E-01 -5.7426E-01  0.0000E+00  0.0000E+00
  0.0000E+00  5.9704E-02 -6.4387E-01  0.0000E+00  0.0000E+00
  0.0000E+00  5.9704E-02 -6.4387E-01  0.0000E+00  0.0000E+00
  0.0000E+00  5.9704E-02 -6.4387E-01  0.0000E+00  0.0000E+00
  0.0000E+00  5.9704E-02 -6.4387E-01  0.0000E+00  0.0000E+00
  0.0000E+00  5.9704E-02 -6.4387E-01  0.0000E+00  0.0000E+00
  0.0000E+00  5.9704E-02 -6.4387E-01  0.0000E+00  0.0000E+00
  0.0000E+00  5.9704E-02 -6.4387E-01  0.0000E+00  0.0000E+00
  0.0000E+00  5.9704E-02 -6.4387E-01  0.0000E+00  0.0000E+00
  0.0000E+00  5.9704E-02 -6.4387E-01  0.0000E+00  0.0000E+00
  0.0000E+00  1.2722E-01  1.0227E-01  0.0000E+00  0.0000E+00
  0.0000E+00  1.2722E-01  1.0227E-01  0.0000E+00  0.0000E+00
  0.0000E+00  1.2722E-01  1.0227E-01  0.0000E+00  0.0000E+00
  0.0000E+00  1.2722E-01  1.0227E-01  0.0000E+00  0.0000E+00
  0.0000E+00  1.2722E-01  1.0227E-01  0.0000E+00  0.0000E+00
  0.0000E+00  1.2722E-01  1.0227E-01  0.0000E+00  0.0000E+00
  0.0000E+00  1.2722E-01  1.0227E-01  0.0000E+00  0.0000E+00
  0.0000E+00  1.2722E-01  1.0227E-01  0.0000E+00  0.0000E+00
  0.0000E+00 -1.1442E+00  7.0073E-01  0.0000E+00  0.0000E+00
  0.0000E+00 -1.1442E+00  7.0073E-01  0.0000E+00  0.0000E+00
  0.0000E+00 -1.1442E+00  7.0073E-01  0.0000E+00  0.0000E+00
  0.0000E+00 -1.1442E+00  7.0073E-01  0.0000E+00  0.0000E+00
  0.0000E+00 -1.1442E+00  7.0073E-01  0.0000E+00  0.0000E+00
  0.0000E+00 -1.1442E+00  7.0073E-01  0.0000E+00  0.0000E+00
  0.0000E+00 -4.4861E-01  9.5199E-02  0.0000E+00  0.0000E+00
  0.0000E+00 -4.4861E-01  9.5199E-02  0.0000E+00  0.0000E+00
  0.0000E+00 -4.4861E-01  9.5199E-02  0.0000E+00  0.0000E+00
  0.0000E+00 -4.4861E-01  9.5199E-02  0.0000E+00  0.0000E+00
  0.0000E+00 -4.4861E-01  9.5199E-02  0.0000E+00  0.0000E+00
  0.0000E+00 -4.4861E-01  9.5199E-02  0.0000E+00  0.0000E+00
  0.0000E+00 -4.4861E-01  9.5199E-02  0.0000E+00  0.0000E+00
  0.0000E+00 -4.4861E-01  9.5199E-02  0.0000E+00  0.0000E+00
  0.0000E+00  7.9103E-01 -1.4053E-01  0.0000E+00  0.0000E+00
  0.0000E+00  7.9103E-01 -1.4053E-01  0.0000E+00  0.0000E+00
  0.0000E+00  7.9103E-01 -1.4053E-01  0.0000E+00  0.0000E+00
  0.0000E+00  7.9103E-01 -1.4053E-01  0.0000E+00  0.0000E+00
  0.0000E+00  7.9103E-01 -1.4053E-01  0.0000E+00  0.0000E+00
  0.0000E+00  7.9103E-01 -1.4053E-01  0.0000E+00  0.0000E+00
  0.0000E+00  7.9103E-01 -1.4053E-01  0.0000E+00  0.0000E+00
  0.0000E+00  7.9103E-01 -1.4053E-01  0.0000E+00  0.0000E+00
  0.0000E+00  7.9103E-01 -1.4053E-01  0.0000E+00  0.0000E+00
  0.0000E+00 -5.4844E-01  7.4595E-01  0.0000E+00  0.0000E+00
  0.0000E+00 -5.4844E-01  7.4595E-01  0.0000E+00  0.0000E+00
  0.0000E+00 -5.4844E-01  7.4595E-01  0.0000E+00  0.0000E+00
  0.0000E+00 -5.4844E-01  7.4595E-01  0.0000E+00  0.0000E+00
  0.0000E+00 -5.4844E-01  7.4595E-01  0.0000E+00  0.0000E+00
  0.0000E+00  4.9544E-01  1.8532E-01  0.0000E+00  0.0000E+00
  0.0000E+00  4.9544E-01  1.8532E-01  0.0000E+00  0.0000E+00
  0.0000E+00  4.9544E-01  1.8532E-01  0.0000E+00  0.0000E+00
  0.0000E+00  4.9544E-01  1.8532E-01  0.0000E+00  0.0000E+00
  0.0000E+00  4.9544E-01  1.8532E-01  0.0000E+00  0.0000E+00
  0.0000E+00  4.9544E-01  1.8532E-01  0.0000E+00  0.0000E+00
  0.0000E+00  4.9544E-01  1.8532E-01  0.0000E+00  0.0000E+00
  0.0000E+00  4.9544E-01  1.8532E-01  0.0000E+00  0.0000E+00
  0.0000E+00  4.9544E-01  1.8532E-01  0.0000E+00  0.0000E+00
  0.0000E+00  1.7429E-01 -7.2006E-01  0.0000E+00  0.0000E+00
  0.0000E+00  1.7429E-01 -7.2006E-01  0.0000E+00  0.0000E+00
  0.0000E+00  1.7429E-01 -7.2006E-01  0.0000E+00  0.0000E+00
  0.0000E+00  1.7429E-01 -7.2006E-01  0.0000E+00  0.0000E+00
  0.0000E+00  1.7429E-01 -7.2006E-01  0.0000E+00  0.0000E+00
  0.0000E+00  1.7429E-01 -7.2006E-01  0.0000E+00  0.0000E+00
  0.0000E+00  1.7429E-01 -7.2006E-01  0.0000E+00  0.0000E+00
  0.0000E+00  1.7429E-01 -7.2006E-01  0.0000E+00  0.0000E+00
  0.0000E+00  1.7429E-01 -7.2006E-01  0.0000E+00  0.0000E+00
  0.0000E+00  1.7429E-01 -7.2006E-01  0.0000E+00  0.0000E+00
  0.0000E+00 -4.5358E-01 -8.4568E-02  0.0000E+00  0.0000E+00
  0.0000E+00 -4.5358E-01 -8.4568E-02  0.0000E+00  0.0000E+00
  0.0000E+00 -4.5358E-01 -8.4568E-02  0.0000E+00  0.0000E+00
  0.0000E+00 -4.5358E-01 -8.4568E-02  0.0000E+00  0.0000E+00
  0.0000E+00 -4.5358E-01 -8.4568E-02  0.0000E+00  0.0000E+00
  0.0000E+00 -4.5358E-01 -8.4568E-02  0.0000E+00  0.0000E+00
  0.0000E+00 -4.5358E-01 -8.4568E-02  0.0000E+00  0.0000E+00
  0.0000E+00 -4.5358E-01 -8.4568E-02  0.0000E+00  0.0000E+00
  0.0000E+00 -4.5358E-01 -8.4568E-02  0.0000E+00  0.0000E+00
  0.0000E+00  7.3581E-01 -2.2338E-01  0.0000E+00  0.0000E+00
  0.0000E+00  7.3581E-01 -2.2338E-01  0.0000E+00  0.0000E+00
  0.0000E+00  7.3581E-01 -2.2338E-01  0.0000E+00  0.0000E+00
  0.0000E+00  7.3581E-01 -2.2338E-01  0.0000E+00  0.0000E+00
  0.0000E+00  7.3581E-01 -2.2338E-01  0.0000E+00  0.0000E+00
  0.0000E+00  7.3581E-01 -2.2338E-01  0.0000E+00  0.0000E+00
  0.0000E+00  7.3581E-01 -2.2338E-01  0.0000E+00  0.0000E+00
  0.0000E+00  7.3581E-01 -2.2338E-01  0.0000E+00  0.0000E+00
  0.0000E+00  7.3581E-01 -2.2338E-01  0.0000E+00  0.0000E+00
  0.0000E+00  7.3581E-01 -2.2338E-01  0.0000E+00  0.0000E+00
  0.0000E+00  1.0831E-01  2.7091E-01  0.0000E+00  0.0000E+00
  0.0000E+00  1.0831E-01  2.7091E-01  0.0000E+00  0.0000E+00
  0.0000E+00  1.0831E-01  2.7091E-01  0.0000E+00  0.0000E+00
  0.0000E+00  1.0831E-01  2.7091E-01  0.0000E+00  0.0000E+00
  0.0000E+00  1.0831E-01  2.7091E-01  0.0000E+00  0.0000E+00
  0.0000E+00  1.0831E-01  2.7091E-01  0.0000E+00  0.0000E+00
  0.0000E+00  1.0831E-01  2.7091E-01  0.0000E+00  0.0000E+00
  0.0000E+00  1.2461E-01 -5.8087E-01  0.0000E+00  0.0000E+00
  0.0000E+00  1.2461E-01 -5.8087E-01  0.0000E+00  0.0000E+00
  0.0000E+00  1.2461E-01 -5.8087E-01  0.0000E+00  0.0000E+00
  0.0000E+00  1.2461E-01 -5.8087E-01  0.0000E+00  0.0000E+00
  0.0000E+00  1.2461E-01 -5.8087E-01  0.0000E+00  0.0000E+00
  0.0000E+00  1.2461E-01 -5.8087E-01  0.0000E+00  0.0000E+00
  0.0000E+00  1.2461E-01 -5.8087E-01  0.0000E+00  0.0000E+00
  0.0000E+00  1.2461E-01 -5.8087E-01  0.0000E+00  0.0000E+00
  0.0000E+00  1.2461E-01 -5.8087E-01  0.0000E+00  0.0000E+00
  0.0000E+00  1.2461E-01 -5.8087E-01  0.0000E+00  0.0000E+00
  0.0000E+00 -7.2940E-02 -1.3548E-01  0.0000E+00  0.0000E+00
  0.0000E+00 -7.2940E-02 -1.3548E-01  0.0000E+00  0.0000E+00
  0.0000E+00 -7.2940E-02 -1.3548E-01  0.0000E+00  0.0000E+00
  0.0000E+00 -7.2940E-02 -1.3548E-01  0.0000E+00  0.0000E+00
  0.0000E+00 -7.2940E-02 -1.3548E-01  0.0000E+00  0.0000E+00
  0.0000E+00 -7.2940E-02 -1.3548E-01  0.0000E+00  0.0000E+00
  0.0000E+00 -7.2940E-02 -1.3548E-01  0.0000E+00  0.0000E+00
  0.0000E+00 -7.2940E-02 -1.3548E-01  0.0000E+00  0.0000E+00
  0.0000E+00 -7.2940E-02 -1.3548E-01  0.0000E+00  0.0000E+00
  0.0000E+00 -3.3931E-01 -1.1253E-01  0.0000E+00  0.0000E+00
  0.0000E+00 -3.3931E-01 -1.1253E-01  0.0000E+00  0.0000E+00
  0.0000E+00 -3.3931E-01 -1.1253E-01  0.0000E+00  0.0000E+00
  0.0000E+00 -3.3931E-01 -1.1253E-01  0.0000E+00  0.0000E+00
  0.0000E+00 -3.3931E-01 -1.1253E-01  0.0000E+00  0.0000E+00
  0.0000E+00 -3.3931E-01 -1.1253E-01  0.0000E+00  0.0000E+00
  0.0000E+00 -3.3931E-01 -1.1253E-01  0.0000E+00  0.0000E+00
  0.0000E+00 -3.3931E-01 -1.1253E-01  0.0000E+00  0.0000E+00
  0.0000E+00 -3.3931E-01 -1.1253E-01  0.0000E+00  0.0000E+00
  0.0000E+00 -1.8231E-01 -1.5575E-01  0.0000E+00  0.0000E+00
  0.0000E+00 -1.8231E-01 -1.5575E-01  0.0000E+00  0.0000E+00
  0.0000E+00 -1.8231E-01 -1.5575E-01  0.0000E+00  0.0000E+00
  0.0000E+00 -1.8231E-01 -1.5575E-01  0.0000E+00  0.0000E+00
  0.0000E+00 -1.8231E-01 -1.5575E-01  0.0000E+00  0.0000E+00
  0.0000E+00 -1.8231E-01 -1.5575E-01  0.0000E+00  0.0000E+00
  0.0000E+00 -1.8231E-01 -1.5575E-01  0.0000E+00  0.0000E+00
  0.0000E+00 -1.8231E-01 -1.5575E-01  0.0000E+00  0.0000E+00
  0.0000E+00  2.7123E-01 -8.3592E-02  0.0000E+00  0.0000E+00
  0.0000E+00  2.7123E-01 -8.3592E-02  0.0000E+00  0.0000E+00
  0.0000E+00  2.7123E-01 -8.3592E-02  0.0000E+00  0.0000E+00
  0.0000E+00  2.7123E-01 -8.3592E-02  0.0000E+00  0.0000E+00
  0.0000E+00  2.7123E-01 -8.3592E-02  0.0000E+00  0.0000E+00
  0.0000E+00  2.7123E-01 -8.3592E-02  0.0000E+00  0.0000E+00
  0.0000E+00  2.7123E-01 -8.3592E-02  0.0000E+00  0.0000E+00
  0.0000E+00  2.7123E-01 -8.3592E-02  0.0000E+00  0.0000E+00
  0.0000E+00  2.7123E-01 -8.3592E-02  0.0000E+00  0.0000E+00
  0.0000E+00  3.8629E-02 -3.0762E-01  0.0000E+00  0.0000E+00
  0.0000E+00  3.8629E-02 -3.0762E-01  0.0000E+00  0.0000E+00
  0.0000E+00  3.8629E-02 -3.0762E-01  0.0000E+00  0.0000E+00
  0.0000E+00  3.8629E-02 -3.0762E-01  0.0000E+00  0.0000E+00
  0.0000E+00  3.8629E-02 -3.0762E-01  0.0000E+00  0.0000E+00
  0.0000E+00  3.8629E-02 -3.0762E-01  0.0000E+00  0.0000E+00
  0.0000E+00  3.8629E-02 -3.0762E-01  0.0000E+00  0.0000E+00
  0.0000E+00  3.8629E-02 -3.0762E-01  0.0000E+00  0.0000E+00
  0.0000E+00  3.8629E-02 -3.0762E-01  0.0000E+00  0.0000E+00
  0.0000E+00  3.8629E-02 -3.0762E-01  0.0000E+00  0.0000E+00
  0.0000E+00 -4.6185E-01  1.4590E-01  0.0000E+00  0.0000E+00
  0.0000E+00 -4.6185E-01  1.4590E-01  0.0000E+00  0.0000E+00
  0.0000E+00 -4.6185E-01  1.4590E-01  0.0000E+00  0.0000E+00
  0.0000E+00 -4.6185E-01  1.4590E-01  0.0000E+00  0.0000E+00
  0.0000E+00 -4.6185E-01  1.4590E-01  0.0000E+00  0.0000E+00
  0.0000E+00 -4.6185E-01  1.4590E-01  0.0000E+00  0.0000E+00
  0.0000E+00 -4.6185E-01  1.4590E-01  0.0000E+00  0.0000E+00
  0.0000E+00 -4.6185E-01  1.4590E-01  0.0000E+00  0.0000E+00
  0.0000E+00  1.7247E-01  4.8411E-01  0.0000E+00  0.0000E+00
  0.0000E+00  1.7247E-01  4.8411E-01  0.0000E+00  0.0000E+00
  0.0000E+00  1.7247E-01  4.8411E-01  0.0000E+00  0.0000E+00
  0.0000E+00  1.7247E-01  4.8411E-01  0.0000E+00  0.0000E+00
  0.0000E+00  1.7247E-01  4.8411E-01  0.0000E+00  0.0000E+00
  0.0000E+00  1.7247E-01  4.8411E-01  0.0000E+00  0.0000E+00
  0.0000E+00  1.7247E-01  4.8411E-01  0.0000E+00  0.0000E+00
  0.0000E+00  2.0678E-01 -8.7146E-01  0.0000E+00  0.0000E+00
  0.0000E+00  2.0678E-01 -8.7146E-01  0.0000E+00  0.0000E+00
  0.0000E+00  2.0678E-01 -8.7146E-01  0.0000E+00  0.0000E+00
  0.0000E+00  2.0678E-01 -8.7146E-01  0.0000E+00  0.0000E+00
  0.0000E+00  2.0678E-01 -8.7146E-01  0.0000E+00  0.0000E+00
  0.0000E+00  2.0678E-01 -8.7146E-01  0.0000E+00  0.0000E+00
  0.0000E+00  2.0678E-01 -8.7146E-01  0.0000E+00  0.0000E+00
  0.0000E+00  2.0678E-01 -8.7146E-01  0.0000E+00  0.0000E+00
  0.0000E+00  2.0678E-01 -8.7146E-01  0.0000E+00  0.0000E+00
  0.0000E+00  2.0678E-01 -8.7146E-01  0.0000E+00  0.0000E+00
  0.0000E+00  2.3008E-01 -2.9540E-01  0.0000E+00  0.0000E+00
  0.0000E+00  2.3008E-01 -2.9540E-01  0.0000E+00  0.0000E+00
  0.0000E+00  2.3008E-01 -2.9540E-01  0.0000E+00  0.0000E+00
  0.0000E+00  2.3008E-01 -2.9540E-01  0.0000E+00  0.0000E+00
  0.0000E+00  2.3008E-01 -2.9540E-01  0.0000E+00  0.0000E+00
  0.0000E+00  2.3008E-01 -2.9540E-01  0.0000E+00  0.0000E+00
  0.0000E+00  2.3008E-01 -2.9540E-01  0.0000E+00  0.0000E+00
  0.0000E+00  2.3008E-01 -2.9540E-01  0.0000E+00  0.0000E+00
  0.0000E+00  2.3008E-01 -2.9540E-01  0.0000E+00  0.0000E+00
  0.0000E+00  2.3008E-01 -2.9540E-01  0.0000E+00  0.0000E+00
  0.0000E+00 -8.3837E-01  7.7891E-01  0.0000E+00  0.0000E+00
  0.0000E+00 -8.3837E-01  7.7891E-01  0.0000E+00  0.0000E+00
  0.0000E+00 -8.3837E-01  7.7891E-01  0.0000E+00  0.0000E+00
  0.0000E+00 -8.3837E-01  7.7891E-01  0.0000E+00  0.0000E+00
  0.0000E+00 -8.3837E-01  7.7891E-01  0.0000E+00  0.0000E+00
  0.0000E+00 -8.3837E-01  7.7891E-01  0.0000E+00  0.0000E+00
  0.0000E+00 -8.3837E-01  7.7891E-01  0.0000E+00  0.0000E+00
  0.0000E+00 -8.3837E-01  7.7891E-01  0.0000E+00  0.0000E+00
  0.0000E+00 -8.3837E-01  7.7891E-01  0.0000E+00  0.0000E+00
  0.0000E+00  2.7681E-01 -3.7411E-01  0.0000E+00  0.0000E+00
  0.0000E+00  2.7681E-01 -3.7411E-01  0.0000E+00  0.0000E+00
  0.0000E+00  2.7681E-01 -3.7411E-01  0.0000E+00  0.0000E+00
  0.0000E+00  2.7681E-01 -3.7411E-01  0.0000E+00  0.0000E+00
  0.0000E+00  2.7681E-01 -3.7411E-01  0.0000E+00  0.0000E+00
  0.0000E+00  2.7681E-01 -3.7411E-01  0.0000E+00  0.0000E+00
  0.0000E+00  2.7681E-01 -3.7411E-01  0.0000E+00  0.0000E+00
  0.0000E+00  2.7681E-01 -3.7411E-01  0.0000E+00  0.0000E+00
  0.0000E+00  2.7681E-01 -3.7411E-01  0.0000E+00  0.0000E+00
  0.0000E+00  2.7681E-01 -3.7411E-01  0.0000E+00  0.0000E+00
  0.0000E+00  2.9527E-01  4.0577E-02  0.0000E+00  0.0000E+00
  0.0000E+00  2.9527E-01  4.0577E-02  0.0000E+00  0.0000E+00
  0.0000E+00  2.9527E-01  4.0577E-02  0.0000E+00  0.0000E+00
  0.0000E+00  2.9527E-01  4.0577E-02  0.0000E+00  0.0000E+00
  0.0000E+00  2.9527E-01  4.0577E-02  0.0000E+00  0.0000E+00
  0.0000E+00  2.9527E-01  4.0577E-02  0.0000E+00  0.0000E+00
  0.0000E+00  2.9527E-01  4.0577E-02  0.0000E+00  0.0000E+00
  0.0000E+00  2.9527E-01  4.0577E-02  0.0000E+00  0.0000E+00
  0.0000E+00  2.9527E-01  4.0577E-02  0.0000E+00  0.0000E+00
  0.0000E+00  2.9527E-01  4.0577E-02  0.0000E+00  0.0000E+00
  0.0000E+00 -6.2347E-02  7.6584E-01  0.0000E+00  0.0000E+00
  0.0000E+00 -6.2347E-02  7.6584E-01  0.0000E+00  0.0000E+00
  0.0000E+00 -6.2347E-02  7.6584E-01  0.0000E+00  0.0000E+00
  0.0000E+00 -6.2347E-02  7.6584E-01  0.0000E+00  0.0000E+00
  0.0000E+00 -6.2347E-02  7.6584E-01  0.0000E+00  0.0000E+00
  0.0000E+00 -6.2347E-02  7.6584E-01  0.0000E+00  0.0000E+00
  0.0000E+00 -6.2347E-02  7.6584E-01  0.0000E+00  0.0000E+00
  0.0000E+00 -5.2924E-01 -1.5482E-02  0.0000E+00  0.0000E+00
  0.0000E+00 -5.2924E-01 -1.5482E-02  0.0000E+00  0.0000E+00
  0.0000E+00 -5.2924E-01 -1.5482E-02  0.0000E+00  0.0000E+00
  0.0000E+00 -5.2924E-01 -1.5482E-02  0.0000E+00  0.0000E+00
  0.0000E+00 -5.2924E-01 -1.5482E-02  0.0000E+00  0.0000E+00
  0.0000E+00 -5.2924E-01 -1.5482E-02  0.0000E+00  0.0000E+00
  0.0000E+00 -5.2924E-01 -1.5482E-02  0.0000E+00  0.0000E+00
  0.0000E+00 -5.2924E-01 -1.5482E-02  0.0000E+00  0.0000E+00
  0.0000E+00 -5.2924E-01 -1.5482E-02  0.0000E+00  0.0000E+00
  0.0000E+00 -5.2924E-01 -1.5482E-02  0.0000E+00  0.0000E+00
  0.0000E+00  8.3803E-02 -1.2512E-01  0.0000E+00  0.0000E+00
  0.0000E+00  8.3803E-02 -1.2512E-01  0.0000E+00  0.0000E+00
  0.0000E+00  8.3803E-02 -1.2512E-01  0.0000E+00  0.0000E+00
  0.0000E+00  8.3803E-02 -1.2512E-01  0.0000E+00  0.0000E+00
  0.0000E+00  8.3803E-02 -1.2512E-01  0.0000E+00  0.0000E+00
  0.0000E+00  8.3803E-02 -1.2512E-01  0.0000E+00  0.0000E+00
  0.0000E+00  8.3803E-02 -1.2512E-01  0.0000E+00  0.0000E+00
  0.0000E+00  8.3803E-02 -1.2512E-01  0.0000E+00  0.0000E+00
  0.0000E+00  8.3803E-02 -1.2512E-01  0.0000E+00  0.0000E+00
  0.0000E+00  8.3803E-02 -1.2512E-01  0.0000E+00  0.0000E+00
  0.0000E+00  1.0440E-01 -7.9403E-02  0.0000E+00  0.0000E+00
  0.0000E+00  1.0440E-01 -7.9403E-02  0.0000E+00  0.0000E+00
  0.0000E+00  1.0440E-01 -7.9403E-02  0.0000E+00  0.0000E+00
  0.0000E+00  1.0440E-01 -7.9403E-02  0.0000E+00  0.0000E+00
  0.0000E+00  1.0440E-01 -7.9403E-02  0.0000E+00  0.0000E+00
  0.0000E+00  1.0440E-01 -7.9403E-02  0.0000E+00  0.0000E+00
  0.0000E+00  1.0440E-01 -7.9403E-02  0.0000E+00  0.0000E+00
  0.0000E+00  1.0440E-01 -7.9403E-02  0.0000E+00  0.0000E+00
  0.0000E+00  1.0440E-01 -7.9403E-02  0.0000E+00  0.0000E+00
  0.0000E+00  1.0440E-01 -7.9403E-02  0.0000E+00  0.0000E+00
  0.0000E+00 -1.3316E-01  1.0498E+00  0.0000E+00  0.0000E+00
  0.0000E+00 -1.3316E-01  1.0498E+00  0.0000E+00  0.0000E+00
  0.0000E+00 -1.3316E-01  1.0498E+00  0.0000E+00  0.0000E+00
  0.0000E+00 -1.3316E-01  1.0498E+00  0.0000E+00  0.0000E+00
  0.0000E+00 -1.3316E-01  1.0498E+00  0.0000E+00  0.0000E+00
  0.0000E+00 -1.3316E-01  1.0498E+00  0.0000E+00  0.0000E+00
  0.0000E+00 -1.3316E-01  1.0498E+00  0.0000E+00  0.0000E+00
  0.0000E+00 -3.8980E-01 -6.3693E-02  0.0000E+00  0.0000E+00
  0.0000E+00 -3.8980E-01 -6.3693E-02  0.0000E+00  0.0000E+00
  0.0000E+00 -3.8980E-01 -6.3693E-02  0.0000E+00  0.0000E+00
  0.0000E+00 -3.8980E-01 -6.3693E-02  0.0000E+00  0.0000E+00
  0.0000E+00 -3.8980E-01 -6.3693E-02  0.0000E+00  0.0000E+00
  0.0000E+00 -3.8980E-01 -6.3693E-02  0.0000E+00  0.0000E+00
  0.0000E+00 -3.8980E-01 -6.3693E-02  0.0000E+00  0.0000E+00
  0.0000E+00 -3.8980E-01 -6.3693E-02  0.0000E+00  0.0000E+00
  0.0000E+00 -3.8980E-01 -6.3693E-02  0.0000E+00  0.0000E+00
  0.0000E+00 -3.8980E-01 -6.3693E-02  0.0000E+00  0.0000E+00
  0.0000E+00  4.1943E-01  9.1668E-01  0.0000E+00  0.0000E+00
  0.0000E+00  4.1943E-01  9.1668E-01  0.0000E+00  0.0000E+00
  0.0000E+00  4.1943E-01  9.1668E-01  0.0000E+00  0.0000E+00
  0.0000E+00  4.1943E-01  9.1668E-01  0.0000E+00  0.0000E+00
  0.0000E+00  4.1943E-01  9.1668E-01  0.0000E+00  0.0000E+00
  0.0000E+00  4.1943E-01  9.1668E-01  0.0000E+00  0.0000E+00
  0.0000E+00  4.1943E-01  9.1668E-01  0.0000E+00  0.0000E+00
  0.0000E+00  4.1943E-01  9.1668E-01  0.0000E+00  0.0000E+00
  0.0000E+00  4.1679E-01  4.9794E-01  0.0000E+00  0.0000E+00
  0.0000E+00  4.1679E-01  4.9794E-01  0.0000E+00  0.0000E+00
  0.0000E+00  4.1679E-01  4.9794E-01  0.0000E+00  0.0000E+00
  0.0000E+00  4.1679E-01  4.9794E-01  0.0000E+00  0.0000E+00
  0.0000E+00  4.1679E-01  4.9794E-01  0.0000E+00  0.0000E+00
  0.0000E+00  4.1679E-01  4.9794E-01  0.0000E+00  0.0000E+00
  0.0000E+00  4.1679E-01  4.9794E-01  0.0000E+00  0.0000E+00
  0.0000E+00  4.1679E-01  4.9794E-01  0.0000E+00  0.0000E+00
  0.0000E+00  4.1679E-01  4.9794E-01  0.0000E+00  0.0000E+00
  0.0000E+00  4.1679E-01  4.9794E-01  0.0000E+00  0.0000E+00
  0.0000E+00 -8.8695E-02 -2.3902E-01  0.0000E+00  0.0000E+00
  0.0000E+00 -8.8695E-02 -2.3902E-01  0.0000E+00  0.0000E+00
  0.0000E+00 -8.8695E-02 -2.3902E-01  0.0000E+00  0.0000E+00
  0.0000E+00 -8.8695E-02 -2.3902E-01  0.0000E+00  0.0000E+00
  0.0000E+00 -8.8695E-02 -2.3902E-01  0.0000E+00  0.0000E+00
  0.0000E+00 -8.8695E-02 -2.3902E-01  0.0000E+00  0.0000E+00
  0.0000E+00 -8.8695E-02 -2.3902E-01  0.0000E+00  0.0000E+00
  0.0000E+00 -8.8695E-02 -2.3902E-01  0.0000E+00  0.0000E+00
  0.0000E+00 -8.8695E-02 -2.3902E-01  0.0000E+00  0.0000E+00
  0.0000E+00 -8.8695E-02 -2.3902E-01  0.0000E+00  0.0000E+00
  0.0000E+00 -1.7685E-01  6.6791E-01  0.0000E+00  0.0000E+00
  0.0000E+00 -1.7685E-01  6.6791E-01  0.0000E+00  0.0000E+00
  0.0000E+00 -1.7685E-01  6.6791E-01  0.0000E+00  0.0000E+00
  0.0000E+00 -1.7685E-01  6.6791E-01  0.0000E+00  0.0000E+00
  0.0000E+00 -1.7685E-01  6.6791E-01  0.0000E+00  0.0000E+00
  0.0000E+00 -1.7685E-01  6.6791E-01  0.0000E+00  0.0000E+00
  0.0000E+00 -1.7685E-01  6.6791E-01  0.0000E+00  0.0000E+00
  0.0000E+00 -1.7685E-01  6.6791E-01  0.0000E+00  0.0000E+00
  0.0000E+00 -1.1483E-01  4.4312E-01  0.0000E+00  0.0000E+00
  0.0000E+00 -1.1483E-01  4.4312E-01  0.0000E+00  0.0000E+00
  0.0000E+00 -1.1483E-01  4.4312E-01  0.0000E+00  0.0000E+00
  0.0000E+00 -1.1483E-01  4.4312E-01  0.0000E+00  0.0000E+00
  0.0000E+00 -1.1483E-01  4.4312E-01  0.0000E+00  0.0000E+00
  0.0000E+00 -1.1483E-01  4.4312E-01  0.0000E+00  0.0000E+00
  0.0000E+00 -1.1483E-01  4.4312E-01  0.0000E+00  0.0000E+00
  0.0000E+00 -1.1483E-01  4.4312E-01  0.0000E+00  0.0000E+00
  0.0000E+00 -1.1483E-01  4.4312E-01  0.0000E+00  0.0000E+00
  0.0000E+00 -1.1483E-01  4.4312E-01  0.0000E+00  0.0000E+00
  0.0000E+00 -2.6901E-01  4.1386E-01  0.0000E+00  0.0000E+00
  0.0000E+00 -2.6901E-01  4.1386E-01  0.0000E+00  0.0000E+00
  0.0000E+00 -2.6901E-01  4.1386E-01  0.0000E+00  0.0000E+00
  0.0000E+00 -2.6901E-01  4.1386E-01  0.0000E+00  0.0000E+00
  0.0000E+00 -2.6901E-01  4.1386E-01  0.0000E+00  0.0000E+00
  0.0000E+00 -2.6901E-01  4.1386E-01  0.0000E+00  0.0000E+00
  0.0000E+00 -2.6901E-01  4.1386E-01  0.0000E+00  0.0000E+00
  0.0000E+00 -2.6901E-01  4.1386E-01  0.0000E+00  0.0000E+00
  0.0000E+00 -2.6901E-01  4.1386E-01  0.0000E+00  0.0000E+00
  0.0000E+00 -2.6901E-01  4.1386E-01  0.0000E+00  0.0000E+00
  0.0000E+00 -4.1879E-01  3.1904E-01  0.0000E+00  0.0000E+00
  0.0000E+00 -4.1879E-01  3.1904E-01  0.0000E+00  0.0000E+00
  0.0000E+00 -4.1879E-01  3.1904E-01  0.0000E+00  0.0000E+00
  0.0000E+00 -4.1879E-01  3.1904E-01  0.0000E+00  0.0000E+00
  0.0000E+00 -4.1879E-01  3.1904E-01  0.0000E+00  0.0000E+00
  0.0000E+00 -4.1879E-01  3.1904E-01  0.0000E+00  0.0000E+00
  0.0000E+00 -4.1879E-01  3.1904E-01  0.0000E+00  0.0000E+00
  0.0000E+00 -4.1879E-01  3.1904E-01  0.0000E+00  0.0000E+00
  0.0000E+00 -4.1879E-01  3.1904E-01  0.0000E+00  0.0000E+00
  0.0000E+00 -4.1879E-01  3.1904E-01  0.0000E+00  0.0000E+00
  0.0000E+00  2.4048E-01 -2.1878E-01  0.0000E+00  0.0000E+00
  0.0000E+00  2.4048E-01 -2.1878E-01  0.0000E+00  0.0000E+00
  0.0000E+00  2.4048E-01 -2.1878E-01  0.0000E+00  0.0000E+00
  0.0000E+00  2.4048E-01 -2.1878E-01  0.0000E+00  0.0000E+00
  0.0000E+00  2.4048E-01 -2.1878E-01  0.0000E+00  0.0000E+00
  0.0000E+00  2.4048E-01 -2.1878E-01  0.0000E+00  0.0000E+00
  0.0000E+00  2.4048E-01 -2.1878E-01  0.0000E+00  0.0000E+00
  0.0000E+00  2.4048E-01 -2.1878E-01  0.0000E+00  0.0000E+00
  0.0000E+00  2.4048E-01 -2.1878E-01  0.0000E+00  0.0000E+00
  0.0000E+00  2.4048E-01 -2.1878E-01  0.0000E+00  0.0000E+00
  0.0000E+00  1.0680E-01  6.0560E-01  0.0000E+00  0.0000E+00
  0.0000E+00  1.0680E-01  6.0560E-01  0.0000E+00  0.0000E+00
  0.0000E+00  1.0680E-01  6.0560E-01  0.0000E+00  0.0000E+00
  0.0000E+00  1.0680E-01  6.0560E-01  0.0000E+00  0.0000E+00
  0.0000E+00  1.0680E-01  6.0560E-01  0.0000E+00  0.0000E+00
  0.0000E+00  1.0680E-01  6.0560E-01  0.0000E+00  0.0000E+00
  0.0000E+00  1.0680E-01  6.0560E-01  0.0000E+00  0.0000E+00
  0.0000E+00  1.0680E-01  6.0560E-01  0.0000E+00  0.0000E+00
  0.0000E+00  4.5119E-01 -3.5792E-01  0.0000E+00  0.0000E+00
  0.0000E+00  4.5119E-01 -3.5792E-01  0.0000E+00  0.0000E+00
  0.0000E+00  4.5119E-01 -3.5792E-01  0.0000E+00  0.0000E+00
  0.0000E+00  4.5119E-01 -3.5792E-01  0.0000E+00  0.0000E+00
  0.0000E+00  4.5119E-01 -3.5792E-01  0.0000E+00  0.0000E+00
  0.0000E+00  4.5119E-01 -3.5792E-01  0.0000E+00  0.0000E+00
  0.0000E+00  4.5119E-01 -3.5792E-01  0.0000E+00  0.0000E+00
  0.0000E+00  4.5119E-01 -3.5792E-01  0.0000E+00  0.0000E+00
  0.0000E+00  4.5119E-01 -3.5792E-01  0.0000E+00  0.0000E+00
  0.0000E+00  4.5119E-01 -3.5792E-01  0.0000E+00  0.0000E+00
  0.0000E+00 -2.2746E-01  9.8263E-01  0.0000E+00  0.0000E+00
  0.0000E+00 -2.2746E-01  9.8263E-01  0.0000E+00  0.0000E+00
  0.0000E+00 -2.2746E-01  9.8263E-01  0.0000E+00  0.0000E+00
  0.0000E+00 -2.2746E-01  9.8263E-01  0.0000E+00  0.0000E+00
  0.0000E+00 -2.2746E-01  9.8263E-01  0.0000E+00  0.0000E+00
  0.0000E+00 -2.2746E-01  9.8263E-01  0.0000E+00  0.0000E+00
  0.0000E+00 -2.2746E-01  9.8263E-01  0.0000E+00  0.0000E+00
  0.0000E+00 -2.2746E-01  9.8263E-01  0.0000E+00  0.0000E+00
  0.0000E+00 -5.5162E-01  2.4461E-01  0.0000E+00  0.0000E+00
  0.0000E+00 -5.5162E-01  2.4461E-01  0.0000E+00  0.0000E+00
  0.0000E+00 -5.5162E-01  2.4461E-01  0.0000E+00  0.0000E+00
  0.0000E+00 -5.5162E-01  2.4461E-01  0.0000E+00  0.0000E+00
  0.0000E+00 -5.5162E-01  2.4461E-01  0.0000E+00  0.0000E+00
  0.0000E+00 -5.5162E-01  2.4461E-01  0.0000E+00  0.0000E+00
  0.0000E+00 -5.5162E-01  2.4461E-01  0.0000E+00  0.0000E+00
  0.0000E+00 -5.5162E-01  2.4461E-01  0.0000E+00  0.0000E+00
  0.0000E+00 -5.5162E-01  2.4461E-01  0.0000E+00  0.0000E+00
  0.0000E+00 -5.5162E-01  2.4461E-01  0.0000E+00  0.0000E+00
  0.0000E+00 -1.2615E-01 -5.3527E-02  0.0000E+00  0.0000E+00
  0.0000E+00 -1.2615E-01 -5.3527E-02  0.0000E+00  0.0000E+00
  0.0000E+00 -1.2615E-01 -5.3527E-02  0.0000E+00  0.0000E+00
  0.0000E+00 -1.2615E-01 -5.3527E-02  0.0000E+00  0.0000E+00
  0.0000E+00 -1.2615E-01 -5.3527E-02  0.0000E+00  0.0000E+00
  0.0000E+00 -1.2615E-01 -5.3527E-02  0.0000E+00  0.0000E+00
  0.0000E+00 -1.2615E-01 -5.3527E-02  0.0000E+00  0.0000E+00
  0.0000E+00 -1.2615E-01 -5.3527E-02  0.0000E+00  0.0000E+00
  0.0000E+00 -1.2615E-01 -5.3527E-02  0.0000E+00  0.0000E+00
  0.0000E+00 -1.2615E-01 -5.3527E-02  0.0000E+00  0.0000E+00
  0.0000E+00 -6.2497E-01  2.5473E-01  0.0000E+00  0.0000E+00
  0.0000E+00 -6.2497E-01  2.5473E-01  0.0000E+00  0.0000E+00
  0.0000E+00 -6.2497E-01  2.5473E-01  0.0000E+00  0.0000E+00
  0.0000E+00 -6.2497E-01  2.5473E-01  0.0000E+00  0.0000E+00
  0.0000E+00 -6.2497E-01  2.5473E-01  0.0000E+00  0.0000E+00
  0.0000E+00 -6.2497E-01  2.5473E-01  0.0000E+00  0.0000E+00
  0.0000E+00 -6.2497E-01  2.5473E-01  0.0000E+00  0.0000E+00
  0.0000E+00 -6.2497E-01  2.5473E-01  0.0000E+00  0.0000E+00
  0.0000E+00 -6.2497E-01  2.5473E-01  0.0000E+00  0.0000E+00
  0.0000E+00 -2.5390E-02 -1.7691E-01  0.0000E+00  0.0000E+00
  0.0000E+00 -2.5390E-02 -1.7691E-01  0.0000E+00  0.0000E+00
  0.0000E+00 -2.5390E-02 -1.7691E-01  0.0000E+00  0.0000E+00
  0.0000E+00 -2.5390E-02 -1.7691E-01  0.0000E+00  0.0000E+00
  0.0000E+00 -2.5390E-02 -1.7691E-01  0.0000E+00  0.0000E+00
  0.0000E+00 -2.5390E-02 -1.7691E-01  0.0000E+00  0.0000E+00
  0.0000E+00 -2.5390E-02 -1.7691E-01  0.0000E+00  0.0000E+00
  0.0000E+00 -2.5390E-02 -1.7691E-01  0.0000E+00  0.0000E+00
  0.0000E+00 -2.5390E-02 -1.7691E-01  0.0000E+00  0.0000E+00
  0.0000E+00 -2.5390E-02 -1.7691E-01  0.0000E+00  0.0000E+00
  0.0000E+00  2.5631E-01 -1.2189E-01  0.0000E+00  0.0000E+00
  0.0000E+00  2.5631E-01 -1.2189E-01  0.0000E+00  0.0000E+00
  0.0000E+00  2.5631E-01 -1.2189E-01  0.0000E+00  0.0000E+00
  0.0000E+00  2.5631E-01 -1.2189E-01  0.0000E+00  0.0000E+00
  0.0000E+00  2.5631E-01 -1.2189E-01  0.0000E+00  0.0000E+00
  0.0000E+00  2.5631E-01 -1.2189E-01  0.0000E+00  0.0000E+00
  0.0000E+00  2.5631E-01 -1.2189E-01  0.0000E+00  0.0000E+00
  0.0000E+00  2.5631E-01 -1.2189E-01  0.0000E+00  0.0000E+00
  0.0000E+00  2.5631E-01 -1.2189E-01  0.0000E+00  0.0000E+00
  0.0000E+00  2.5631E-01 -1.2189E-01  0.0000E+00  0.0000E+00
  0.0000E+00 -2.0222E-01  3.0994E-01  0.0000E+00  0.0000E+00
  0.0000E+00 -2.0222E-01  3.0994E-01  0.0000E+00  0.0000E+00
  0.0000E+00 -2.0222E-01  3.0994E-01  0.0000E+00  0.0000E+00
  0.0000E+00 -2.0222E-01  3.0994E-01  0.0000E+00  0.0000E+00
  0.0000E+00 -2.0222E-01  3.0994E-01  0.0000E+00  0.0000E+00
  0.0000E+00 -2.0222E-01  3.0994E-01  0.0000E+00  0.0000E+00
  0.0000E+00 -2.0222E-01  3.0994E-01  0.0000E+00  0.0000E+00
  0.0000E+00 -2.0222E-01  3.0994E-01  0.0000E+00  0.0000E+00
  0.0000E+00 -2.0222E-01  3.0994E-01  0.0000E+00  0.0000E+00
  0.0000E+00 -2.0222E-01  3.0994E-01  0.0000E+00  0.0000E+00
  0.0000E+00 -5.2537E-01 -2.4931E-01  0.0000E+00  0.0000E+00
  0.0000E+00 -5.2537E-01 -2.4931E-01  0.0000E+00  0.0000E+00
  0.0000E+00 -5.2537E-01 -2.4931E-01  0.0000E+00  0.0000E+00
  0.0000E+00 -5.2537E-01 -2.4931E-01  0.0000E+00  0.0000E+00
  0.0000E+00 -5.2537E-01 -2.4931E-01  0.0000E+00  0.0000E+00
  0.0000E+00 -5.2537E-01 -2.4931E-01  0.0000E+00  0.0000E+00
  0.0000E+00 -5.2537E-01 -2.4931E-01  0.0000E+00  0.0000E+00
  0.0000E+00 -5.2537E-01 -2.4931E-01  0.0000E+00  0.0000E+00
  0.0000E+00 -5.2537E-01 -2.4931E-01  0.0000E+00  0.0000E+00
  0.0000E+00 -5.2537E-01 -2.4931E-01  0.0000E+00  0.0000E+00
  0.0000E+00  3.1079E-01  6.0683E-01  0.0000E+00  0.0000E+00
  0.0000E+00  3.1079E-01  6.0683E-01  0.0000E+00  0.0000E+00
  0.0000E+00  3.1079E-01  6.0683E-01  0.0000E+00  0.0000E+00
  0.0000E+00  3.1079E-01  6.0683E-01  0.0000E+00  0.0000E+00
  0.0000E+00  3.1079E-01  6.0683E-01  0.0000E+00  0.0000E+00
  0.0000E+00  3.1079E-01  6.0683E-01  0.0000E+00  0.0000E+00
  0.0000E+00  3.1079E-01  6.0683E-01  0.0000E+00  0.0000E+00
  0.0000E+00  3.1079E-01  6.0683E-01  0.0000E+00  0.0000E+00
  0.0000E+00  3.1079E-01  6.0683E-01  0.0000E+00  0.0000E+00
  0.0000E+00  3.1079E-01  6.0683E-01  0.0000E+00  0.0000E+00
